TRIBE_ID,TRIBE,OWNER_KIND,TYPE_ID,ANIMATION_JOB_ID,JOB_NAME,JOB_ENGLISH,SEX_AGE,BASE_JOB_CHAIN,ANIMATION_SECTION,DEFINED_FOR_JOB,INHERITED,KIND,ATOMIC_ID,ATOMIC_NAME,ATOMIC_LENGTH,ATOMIC_EVENTS,CARRIED_GOOD,CARRIED_GOOD_NAME,IN_HOUSE_SUBID,WALK_SPEED_THRESHOLD,MODE,BOBSEQ_BODY,BOBSEQ_HEAD,PHASE,BODY_VARIANT,BODY_BMD,SHADOW_BMD,HEAD_BMD_RENDERED,HEAD_VARIANT_RENDERED,HEAD_VARIANTS,BODY_PALETTE,HEAD_PALETTE,PALETTE_PROVENANCE,RANDOM_PALETTES,DIRECTION_BODY_BOBS,DIRECTION_HEAD_BOBS,TIMING,SHEET,SHADOW_MASK,CELL,ANCHOR_IN_CELL,SHEET_ROWS_DIRECTIONS,RENDER_STATUS,NATIVE_COMPATIBILITY,CELL_ISSUES,STATUS,METADATA,DETAIL_PAGE
8,Bears,animal,48,48,baby_animal,Young Animal,young,[48],233,48,False,atomic,2,animal_bear_baby_idle,20,[],,,0,,0,animal_bear_wait,animal_bear_wait,initial,0,Data\Engine2D\Bin\Bobs\CR_Ani_Body_00.bmd,Data\Engine2D\Bin\Bobs\CR_Ani_Body_00_s.bmd,,,[],bear01,,declared base palette (ordinal 0 of RNG list),[],"{""0"": [88], ""1"": [88], ""2"": [88], ""3"": [88], ""4"": [88], ""5"": [88], ""6"": [88], ""7"": [88]}",{},"frame = min(count-1, floor(count*progress/duration)); duration from atomic length",Animals/tribe_08_bears/Sheets/cr_ani_body_00__bear01/j48_A002_animal_bear_wait_s233.png,Animals/tribe_08_bears/Sheets/cr_ani_body_00__bear01/j48_A002_animal_bear_wait_s233__shadow_mask.png,"[45, 55]","[33, 34]","[0, 1, 2, 3, 4, 5, 6, 7]",RENDERED,COMPATIBLE,[],PIXEL_CONFIRMED,Animals/tribe_08_bears/young_job48/metadata.json,Animals/tribe_08_bears/young_job48/index.html
8,Bears,animal,48,48,baby_animal,Young Animal,young,[48],234,48,False,atomic,3,animal_bear_baby_idle,20,[],,,0,,0,animal_bear_wait,animal_bear_wait,initial,0,Data\Engine2D\Bin\Bobs\CR_Ani_Body_00.bmd,Data\Engine2D\Bin\Bobs\CR_Ani_Body_00_s.bmd,,,[],bear01,,declared base palette (ordinal 0 of RNG list),[],"{""0"": [88], ""1"": [88], ""2"": [88], ""3"": [88], ""4"": [88], ""5"": [88], ""6"": [88], ""7"": [88]}",{},"frame = min(count-1, floor(count*progress/duration)); duration from atomic length",Animals/tribe_08_bears/Sheets/cr_ani_body_00__bear01/j48_A003_animal_bear_wait_s234.png,Animals/tribe_08_bears/Sheets/cr_ani_body_00__bear01/j48_A003_animal_bear_wait_s234__shadow_mask.png,"[45, 55]","[33, 34]","[0, 1, 2, 3, 4, 5, 6, 7]",RENDERED,COMPATIBLE,[],PIXEL_CONFIRMED,Animals/tribe_08_bears/young_job48/metadata.json,Animals/tribe_08_bears/young_job48/index.html
8,Bears,animal,48,48,baby_animal,Young Animal,young,[48],235,48,False,atomic,4,animal_bear_baby_idle,20,[],,,0,,0,animal_bear_wait,animal_bear_wait,initial,0,Data\Engine2D\Bin\Bobs\CR_Ani_Body_00.bmd,Data\Engine2D\Bin\Bobs\CR_Ani_Body_00_s.bmd,,,[],bear01,,declared base palette (ordinal 0 of RNG list),[],"{""0"": [88], ""1"": [88], ""2"": [88], ""3"": [88], ""4"": [88], ""5"": [88], ""6"": [88], ""7"": [88]}",{},"frame = min(count-1, floor(count*progress/duration)); duration from atomic length",Animals/tribe_08_bears/Sheets/cr_ani_body_00__bear01/j48_A004_animal_bear_wait_s235.png,Animals/tribe_08_bears/Sheets/cr_ani_body_00__bear01/j48_A004_animal_bear_wait_s235__shadow_mask.png,"[45, 55]","[33, 34]","[0, 1, 2, 3, 4, 5, 6, 7]",RENDERED,COMPATIBLE,[],PIXEL_CONFIRMED,Animals/tribe_08_bears/young_job48/metadata.json,Animals/tribe_08_bears/young_job48/index.html
8,Bears,animal,48,48,baby_animal,Young Animal,young,[48],232,48,False,atomic,5,animal_bear_baby_idle,20,[],,,0,,0,animal_bear_wait,animal_bear_wait,initial,0,Data\Engine2D\Bin\Bobs\CR_Ani_Body_00.bmd,Data\Engine2D\Bin\Bobs\CR_Ani_Body_00_s.bmd,,,[],bear01,,declared base palette (ordinal 0 of RNG list),[],"{""0"": [88], ""1"": [88], ""2"": [88], ""3"": [88], ""4"": [88], ""5"": [88], ""6"": [88], ""7"": [88]}",{},"frame = min(count-1, floor(count*progress/duration)); duration from atomic length",Animals/tribe_08_bears/Sheets/cr_ani_body_00__bear01/j48_A005_animal_bear_wait_s232.png,Animals/tribe_08_bears/Sheets/cr_ani_body_00__bear01/j48_A005_animal_bear_wait_s232__shadow_mask.png,"[45, 55]","[33, 34]","[0, 1, 2, 3, 4, 5, 6, 7]",RENDERED,COMPATIBLE,[],PIXEL_CONFIRMED,Animals/tribe_08_bears/young_job48/metadata.json,Animals/tribe_08_bears/young_job48/index.html
8,Bears,animal,48,48,baby_animal,Young Animal,young,[48],231,48,False,atomic,6,animal_bear_baby_idle,20,[],,,0,,0,animal_bear_wait,animal_bear_wait,initial,0,Data\Engine2D\Bin\Bobs\CR_Ani_Body_00.bmd,Data\Engine2D\Bin\Bobs\CR_Ani_Body_00_s.bmd,,,[],bear01,,declared base palette (ordinal 0 of RNG list),[],"{""0"": [88], ""1"": [88], ""2"": [88], ""3"": [88], ""4"": [88], ""5"": [88], ""6"": [88], ""7"": [88]}",{},"frame = min(count-1, floor(count*progress/duration)); duration from atomic length",Animals/tribe_08_bears/Sheets/cr_ani_body_00__bear01/j48_A006_animal_bear_wait_s231.png,Animals/tribe_08_bears/Sheets/cr_ani_body_00__bear01/j48_A006_animal_bear_wait_s231__shadow_mask.png,"[45, 55]","[33, 34]","[0, 1, 2, 3, 4, 5, 6, 7]",RENDERED,COMPATIBLE,[],PIXEL_CONFIRMED,Animals/tribe_08_bears/young_job48/metadata.json,Animals/tribe_08_bears/young_job48/index.html
8,Bears,animal,48,48,baby_animal,Young Animal,young,[48],236,48,False,atomic,7,animal_bear_baby_idle,20,[],,,0,,0,animal_bear_wait,animal_bear_wait,initial,0,Data\Engine2D\Bin\Bobs\CR_Ani_Body_00.bmd,Data\Engine2D\Bin\Bobs\CR_Ani_Body_00_s.bmd,,,[],bear01,,declared base palette (ordinal 0 of RNG list),[],"{""0"": [88], ""1"": [88], ""2"": [88], ""3"": [88], ""4"": [88], ""5"": [88], ""6"": [88], ""7"": [88]}",{},"frame = min(count-1, floor(count*progress/duration)); duration from atomic length",Animals/tribe_08_bears/Sheets/cr_ani_body_00__bear01/j48_A007_animal_bear_wait_s236.png,Animals/tribe_08_bears/Sheets/cr_ani_body_00__bear01/j48_A007_animal_bear_wait_s236__shadow_mask.png,"[45, 55]","[33, 34]","[0, 1, 2, 3, 4, 5, 6, 7]",RENDERED,COMPATIBLE,[],PIXEL_CONFIRMED,Animals/tribe_08_bears/young_job48/metadata.json,Animals/tribe_08_bears/young_job48/index.html
8,Bears,animal,48,48,baby_animal,Young Animal,young,[48],237,48,False,atomic,9,animal_bear_eat,20,[],,,0,,0,animal_bear_wait,animal_bear_wait,initial,0,Data\Engine2D\Bin\Bobs\CR_Ani_Body_00.bmd,Data\Engine2D\Bin\Bobs\CR_Ani_Body_00_s.bmd,,,[],bear01,,declared base palette (ordinal 0 of RNG list),[],"{""0"": [88], ""1"": [88], ""2"": [88], ""3"": [88], ""4"": [88], ""5"": [88], ""6"": [88], ""7"": [88]}",{},"frame = min(count-1, floor(count*progress/duration)); duration from atomic length",Animals/tribe_08_bears/Sheets/cr_ani_body_00__bear01/j48_A009_animal_bear_wait_s237.png,Animals/tribe_08_bears/Sheets/cr_ani_body_00__bear01/j48_A009_animal_bear_wait_s237__shadow_mask.png,"[45, 55]","[33, 34]","[0, 1, 2, 3, 4, 5, 6, 7]",RENDERED,COMPATIBLE,[],PIXEL_CONFIRMED,Animals/tribe_08_bears/young_job48/metadata.json,Animals/tribe_08_bears/young_job48/index.html
8,Bears,animal,48,48,baby_animal,Young Animal,young,[48],1105,48,False,walk,,,,[],0,,,100000,0,animal_bear_walk,animal_bear_walk,initial,0,Data\Engine2D\Bin\Bobs\CR_Ani_Body_00.bmd,Data\Engine2D\Bin\Bobs\CR_Ani_Body_00_s.bmd,,,[],bear01,,declared base palette (ordinal 0 of RNG list),[],"{""0"": [179, 180, 181, 182, 183, 184, 185, 186, 187, 188, 189, 190, 191, 192, 193, 194], ""1"": [195, 196, 197, 198, 199, 200, 201, 202, 203, 204, 205, 206, 207, 208, 209, 210], ""2"": [115, 116, 117, 118, 119, 120, 121, 122, 123, 124, 125, 126, 127, 128, 129, 130], ""3"": [131, 132, 133, 134, 135, 136, 137, 138, 139, 140, 141, 142, 143, 144, 145, 146], ""4"": [147, 148, 149, 150, 151, 152, 153, 154, 155, 156, 157, 158, 159, 160, 161, 162], ""5"": [163, 164, 165, 166, 167, 168, 169, 170, 171, 172, 173, 174, 175, 176, 177, 178], ""6"": [227, 228, 229, 230, 231, 232, 233, 234, 235, 236, 237, 238, 239, 240, 241, 242], ""7"": [211, 212, 213, 214, 215, 216, 217, 218, 219, 220, 221, 222, 223, 224, 225, 226]}",{},frame = frameTick % count (walk; caller frame tick),Animals/tribe_08_bears/Sheets/cr_ani_body_00__bear01/j48_W000_animal_bear_walk_s1105.png,Animals/tribe_08_bears/Sheets/cr_ani_body_00__bear01/j48_W000_animal_bear_walk_s1105__shadow_mask.png,"[76, 62]","[42, 40]","[0, 1, 2, 3, 4, 5, 6, 7]",RENDERED,COMPATIBLE,[],PIXEL_CONFIRMED,Animals/tribe_08_bears/young_job48/metadata.json,Animals/tribe_08_bears/young_job48/index.html
8,Bears,animal,49,49,adult_animal,Animal,adult,"[49, 48]",228,49,False,atomic,2,animal_bear_adult_idle,20,[],,,0,,0,animal_bear_wait,animal_bear_wait,initial,0,Data\Engine2D\Bin\Bobs\CR_Ani_Body_00.bmd,Data\Engine2D\Bin\Bobs\CR_Ani_Body_00_s.bmd,,,[],bear01,,declared base palette (ordinal 0 of RNG list),[],"{""0"": [88], ""1"": [88], ""2"": [88], ""3"": [88], ""4"": [88], ""5"": [88], ""6"": [88], ""7"": [88]}",{},"frame = min(count-1, floor(count*progress/duration)); duration from atomic length",Animals/tribe_08_bears/Sheets/cr_ani_body_00__bear01/j49_A002_animal_bear_wait_s228.png,Animals/tribe_08_bears/Sheets/cr_ani_body_00__bear01/j49_A002_animal_bear_wait_s228__shadow_mask.png,"[45, 55]","[33, 34]","[0, 1, 2, 3, 4, 5, 6, 7]",RENDERED,COMPATIBLE,[],PIXEL_CONFIRMED,Animals/tribe_08_bears/adult_job49/metadata.json,Animals/tribe_08_bears/adult_job49/index.html
8,Bears,animal,49,49,adult_animal,Animal,adult,"[49, 48]",227,49,False,atomic,3,animal_bear_adult_idle,20,[],,,0,,0,animal_bear_wait,animal_bear_wait,initial,0,Data\Engine2D\Bin\Bobs\CR_Ani_Body_00.bmd,Data\Engine2D\Bin\Bobs\CR_Ani_Body_00_s.bmd,,,[],bear01,,declared base palette (ordinal 0 of RNG list),[],"{""0"": [88], ""1"": [88], ""2"": [88], ""3"": [88], ""4"": [88], ""5"": [88], ""6"": [88], ""7"": [88]}",{},"frame = min(count-1, floor(count*progress/duration)); duration from atomic length",Animals/tribe_08_bears/Sheets/cr_ani_body_00__bear01/j49_A003_animal_bear_wait_s227.png,Animals/tribe_08_bears/Sheets/cr_ani_body_00__bear01/j49_A003_animal_bear_wait_s227__shadow_mask.png,"[45, 55]","[33, 34]","[0, 1, 2, 3, 4, 5, 6, 7]",RENDERED,COMPATIBLE,[],PIXEL_CONFIRMED,Animals/tribe_08_bears/adult_job49/metadata.json,Animals/tribe_08_bears/adult_job49/index.html
8,Bears,animal,49,49,adult_animal,Animal,adult,"[49, 48]",226,49,False,atomic,4,animal_bear_adult_idle,20,[],,,0,,0,animal_bear_wait,animal_bear_wait,initial,0,Data\Engine2D\Bin\Bobs\CR_Ani_Body_00.bmd,Data\Engine2D\Bin\Bobs\CR_Ani_Body_00_s.bmd,,,[],bear01,,declared base palette (ordinal 0 of RNG list),[],"{""0"": [88], ""1"": [88], ""2"": [88], ""3"": [88], ""4"": [88], ""5"": [88], ""6"": [88], ""7"": [88]}",{},"frame = min(count-1, floor(count*progress/duration)); duration from atomic length",Animals/tribe_08_bears/Sheets/cr_ani_body_00__bear01/j49_A004_animal_bear_wait_s226.png,Animals/tribe_08_bears/Sheets/cr_ani_body_00__bear01/j49_A004_animal_bear_wait_s226__shadow_mask.png,"[45, 55]","[33, 34]","[0, 1, 2, 3, 4, 5, 6, 7]",RENDERED,COMPATIBLE,[],PIXEL_CONFIRMED,Animals/tribe_08_bears/adult_job49/metadata.json,Animals/tribe_08_bears/adult_job49/index.html
8,Bears,animal,49,49,adult_animal,Animal,adult,"[49, 48]",225,49,False,atomic,5,animal_bear_adult_idle,20,[],,,0,,0,animal_bear_wait,animal_bear_wait,initial,0,Data\Engine2D\Bin\Bobs\CR_Ani_Body_00.bmd,Data\Engine2D\Bin\Bobs\CR_Ani_Body_00_s.bmd,,,[],bear01,,declared base palette (ordinal 0 of RNG list),[],"{""0"": [88], ""1"": [88], ""2"": [88], ""3"": [88], ""4"": [88], ""5"": [88], ""6"": [88], ""7"": [88]}",{},"frame = min(count-1, floor(count*progress/duration)); duration from atomic length",Animals/tribe_08_bears/Sheets/cr_ani_body_00__bear01/j49_A005_animal_bear_wait_s225.png,Animals/tribe_08_bears/Sheets/cr_ani_body_00__bear01/j49_A005_animal_bear_wait_s225__shadow_mask.png,"[45, 55]","[33, 34]","[0, 1, 2, 3, 4, 5, 6, 7]",RENDERED,COMPATIBLE,[],PIXEL_CONFIRMED,Animals/tribe_08_bears/adult_job49/metadata.json,Animals/tribe_08_bears/adult_job49/index.html
8,Bears,animal,49,49,adult_animal,Animal,adult,"[49, 48]",224,49,False,atomic,6,animal_bear_adult_idle,20,[],,,0,,0,animal_bear_wait,animal_bear_wait,initial,0,Data\Engine2D\Bin\Bobs\CR_Ani_Body_00.bmd,Data\Engine2D\Bin\Bobs\CR_Ani_Body_00_s.bmd,,,[],bear01,,declared base palette (ordinal 0 of RNG list),[],"{""0"": [88], ""1"": [88], ""2"": [88], ""3"": [88], ""4"": [88], ""5"": [88], ""6"": [88], ""7"": [88]}",{},"frame = min(count-1, floor(count*progress/duration)); duration from atomic length",Animals/tribe_08_bears/Sheets/cr_ani_body_00__bear01/j49_A006_animal_bear_wait_s224.png,Animals/tribe_08_bears/Sheets/cr_ani_body_00__bear01/j49_A006_animal_bear_wait_s224__shadow_mask.png,"[45, 55]","[33, 34]","[0, 1, 2, 3, 4, 5, 6, 7]",RENDERED,COMPATIBLE,[],PIXEL_CONFIRMED,Animals/tribe_08_bears/adult_job49/metadata.json,Animals/tribe_08_bears/adult_job49/index.html
8,Bears,animal,49,49,adult_animal,Animal,adult,"[49, 48]",229,49,False,atomic,7,animal_bear_adult_idle,20,[],,,0,,0,animal_bear_wait,animal_bear_wait,initial,0,Data\Engine2D\Bin\Bobs\CR_Ani_Body_00.bmd,Data\Engine2D\Bin\Bobs\CR_Ani_Body_00_s.bmd,,,[],bear01,,declared base palette (ordinal 0 of RNG list),[],"{""0"": [88], ""1"": [88], ""2"": [88], ""3"": [88], ""4"": [88], ""5"": [88], ""6"": [88], ""7"": [88]}",{},"frame = min(count-1, floor(count*progress/duration)); duration from atomic length",Animals/tribe_08_bears/Sheets/cr_ani_body_00__bear01/j49_A007_animal_bear_wait_s229.png,Animals/tribe_08_bears/Sheets/cr_ani_body_00__bear01/j49_A007_animal_bear_wait_s229__shadow_mask.png,"[45, 55]","[33, 34]","[0, 1, 2, 3, 4, 5, 6, 7]",RENDERED,COMPATIBLE,[],PIXEL_CONFIRMED,Animals/tribe_08_bears/adult_job49/metadata.json,Animals/tribe_08_bears/adult_job49/index.html
8,Bears,animal,49,49,adult_animal,Animal,adult,"[49, 48]",230,49,False,atomic,9,animal_bear_eat,20,[],,,0,,0,animal_bear_wait,animal_bear_wait,initial,0,Data\Engine2D\Bin\Bobs\CR_Ani_Body_00.bmd,Data\Engine2D\Bin\Bobs\CR_Ani_Body_00_s.bmd,,,[],bear01,,declared base palette (ordinal 0 of RNG list),[],"{""0"": [88], ""1"": [88], ""2"": [88], ""3"": [88], ""4"": [88], ""5"": [88], ""6"": [88], ""7"": [88]}",{},"frame = min(count-1, floor(count*progress/duration)); duration from atomic length",Animals/tribe_08_bears/Sheets/cr_ani_body_00__bear01/j49_A009_animal_bear_wait_s230.png,Animals/tribe_08_bears/Sheets/cr_ani_body_00__bear01/j49_A009_animal_bear_wait_s230__shadow_mask.png,"[45, 55]","[33, 34]","[0, 1, 2, 3, 4, 5, 6, 7]",RENDERED,COMPATIBLE,[],PIXEL_CONFIRMED,Animals/tribe_08_bears/adult_job49/metadata.json,Animals/tribe_08_bears/adult_job49/index.html
8,Bears,animal,49,49,adult_animal,Animal,adult,"[49, 48]",1104,49,False,walk,,,,[],0,,,100000,0,animal_bear_walk,animal_bear_walk,initial,0,Data\Engine2D\Bin\Bobs\CR_Ani_Body_00.bmd,Data\Engine2D\Bin\Bobs\CR_Ani_Body_00_s.bmd,,,[],bear01,,declared base palette (ordinal 0 of RNG list),[],"{""0"": [179, 180, 181, 182, 183, 184, 185, 186, 187, 188, 189, 190, 191, 192, 193, 194], ""1"": [195, 196, 197, 198, 199, 200, 201, 202, 203, 204, 205, 206, 207, 208, 209, 210], ""2"": [115, 116, 117, 118, 119, 120, 121, 122, 123, 124, 125, 126, 127, 128, 129, 130], ""3"": [131, 132, 133, 134, 135, 136, 137, 138, 139, 140, 141, 142, 143, 144, 145, 146], ""4"": [147, 148, 149, 150, 151, 152, 153, 154, 155, 156, 157, 158, 159, 160, 161, 162], ""5"": [163, 164, 165, 166, 167, 168, 169, 170, 171, 172, 173, 174, 175, 176, 177, 178], ""6"": [227, 228, 229, 230, 231, 232, 233, 234, 235, 236, 237, 238, 239, 240, 241, 242], ""7"": [211, 212, 213, 214, 215, 216, 217, 218, 219, 220, 221, 222, 223, 224, 225, 226]}",{},frame = frameTick % count (walk; caller frame tick),Animals/tribe_08_bears/Sheets/cr_ani_body_00__bear01/j49_W000_animal_bear_walk_s1104.png,Animals/tribe_08_bears/Sheets/cr_ani_body_00__bear01/j49_W000_animal_bear_walk_s1104__shadow_mask.png,"[76, 62]","[42, 40]","[0, 1, 2, 3, 4, 5, 6, 7]",RENDERED,COMPATIBLE,[],PIXEL_CONFIRMED,Animals/tribe_08_bears/adult_job49/metadata.json,Animals/tribe_08_bears/adult_job49/index.html
9,Wild Boars,animal,48,48,baby_animal,Young Animal,young,[48],253,48,False,atomic,2,animal_boar_baby_idle,100,[],,,0,,0,animal_wild_boar_wait,animal_wild_boar_wait,initial,0,Data\Engine2D\Bin\Bobs\CR_Ani_Body_00.bmd,Data\Engine2D\Bin\Bobs\CR_Ani_Body_00_s.bmd,,,[],deer01,,declared base palette (ordinal 0 of RNG list),[],"{""0"": [2625, 2625, 2625, 2625, 2625, 2625, 2625, 2626, 2627, 2627, 2627, 2627, 2627, 2627, 2627, 2627, 2628, 2629, 2629, 2629, 2629, 2629, 2629, 2629, 2630, 2631, 2631, 2631, 2631, 2631, 2631, 2631, 2632, 2633, 2633, 2633, 2633, 2633, 2633, 2633, 2633, 2627, 2626, 2625, 2625, 2625, 2625, 2625, 2625, 2625, 2625], ""1"": [2625, 2625, 2625, 2625, 2625, 2625, 2625, 2626, 2627, 2627, 2627, 2627, 2627, 2627, 2627, 2627, 2628, 2629, 2629, 2629, 2629, 2629, 2629, 2629, 2630, 2631, 2631, 2631, 2631, 2631, 2631, 2631, 2632, 2633, 2633, 2633, 2633, 2633, 2633, 2633, 2633, 2627, 2626, 2625, 2625, 2625, 2625, 2625, 2625, 2625, 2625], ""2"": [2612, 2612, 2612, 2612, 2612, 2612, 2612, 2613, 2614, 2614, 2614, 2614, 2614, 2614, 2614, 2614, 2615, 2616, 2616, 2616, 2616, 2616, 2616, 2616, 2617, 2618, 2618, 2618, 2618, 2618, 2618, 2618, 2619, 2620, 2620, 2620, 2620, 2620, 2620, 2620, 2620, 2614, 2613, 2612, 2612, 2612, 2612, 2612, 2612, 2612, 2612], ""3"": [2612, 2612, 2612, 2612, 2612, 2612, 2612, 2613, 2614, 2614, 2614, 2614, 2614, 2614, 2614, 2614, 2615, 2616, 2616, 2616, 2616, 2616, 2616, 2616, 2617, 2618, 2618, 2618, 2618, 2618, 2618, 2618, 2619, 2620, 2620, 2620, 2620, 2620, 2620, 2620, 2620, 2614, 2613, 2612, 2612, 2612, 2612, 2612, 2612, 2612, 2612], ""4"": [2612, 2612, 2612, 2612, 2612, 2612, 2612, 2613, 2614, 2614, 2614, 2614, 2614, 2614, 2614, 2614, 2615, 2616, 2616, 2616, 2616, 2616, 2616, 2616, 2617, 2618, 2618, 2618, 2618, 2618, 2618, 2618, 2619, 2620, 2620, 2620, 2620, 2620, 2620, 2620, 2620, 2614, 2613, 2612, 2612, 2612, 2612, 2612, 2612, 2612, 2612], ""5"": [2625, 2625, 2625, 2625, 2625, 2625, 2625, 2626, 2627, 2627, 2627, 2627, 2627, 2627, 2627, 2627, 2628, 2629, 2629, 2629, 2629, 2629, 2629, 2629, 2630, 2631, 2631, 2631, 2631, 2631, 2631, 2631, 2632, 2633, 2633, 2633, 2633, 2633, 2633, 2633, 2633, 2627, 2626, 2625, 2625, 2625, 2625, 2625, 2625, 2625, 2625], ""6"": [2638, 2638, 2638, 2638, 2638, 2638, 2638, 2639, 2640, 2640, 2640, 2640, 2640, 2640, 2640, 2640, 2641, 2642, 2642, 2642, 2642, 2642, 2642, 2642, 2643, 2644, 2644, 2644, 2644, 2644, 2644, 2644, 2645, 2646, 2646, 2646, 2646, 2646, 2646, 2646, 2646, 2640, 2639, 2638, 2638, 2638, 2638, 2638, 2638, 2638, 2638], ""7"": [2638, 2638, 2638, 2638, 2638, 2638, 2638, 2639, 2640, 2640, 2640, 2640, 2640, 2640, 2640, 2640, 2641, 2642, 2642, 2642, 2642, 2642, 2642, 2642, 2643, 2644, 2644, 2644, 2644, 2644, 2644, 2644, 2645, 2646, 2646, 2646, 2646, 2646, 2646, 2646, 2646, 2640, 2639, 2638, 2638, 2638, 2638, 2638, 2638, 2638, 2638]}",{},"frame = min(count-1, floor(count*progress/duration)); duration from atomic length",Animals/tribe_09_boars/Sheets/cr_ani_body_00__deer01/j48_A002_animal_wild_boar_wait_s253.png,Animals/tribe_09_boars/Sheets/cr_ani_body_00__deer01/j48_A002_animal_wild_boar_wait_s253__shadow_mask.png,"[37, 39]","[16, 16]","[0, 1, 2, 3, 4, 5, 6, 7]",RENDERED,COMPATIBLE,[],PIXEL_CONFIRMED,Animals/tribe_09_boars/young_job48/metadata.json,Animals/tribe_09_boars/young_job48/index.html
9,Wild Boars,animal,48,48,baby_animal,Young Animal,young,[48],254,48,False,atomic,3,animal_boar_baby_idle,100,[],,,0,,0,animal_wild_boar_wait,animal_wild_boar_wait,initial,0,Data\Engine2D\Bin\Bobs\CR_Ani_Body_00.bmd,Data\Engine2D\Bin\Bobs\CR_Ani_Body_00_s.bmd,,,[],deer01,,declared base palette (ordinal 0 of RNG list),[],"{""0"": [2625, 2625, 2625, 2625, 2625, 2625, 2625, 2626, 2627, 2627, 2627, 2627, 2627, 2627, 2627, 2627, 2628, 2629, 2629, 2629, 2629, 2629, 2629, 2629, 2630, 2631, 2631, 2631, 2631, 2631, 2631, 2631, 2632, 2633, 2633, 2633, 2633, 2633, 2633, 2633, 2633, 2627, 2626, 2625, 2625, 2625, 2625, 2625, 2625, 2625, 2625], ""1"": [2625, 2625, 2625, 2625, 2625, 2625, 2625, 2626, 2627, 2627, 2627, 2627, 2627, 2627, 2627, 2627, 2628, 2629, 2629, 2629, 2629, 2629, 2629, 2629, 2630, 2631, 2631, 2631, 2631, 2631, 2631, 2631, 2632, 2633, 2633, 2633, 2633, 2633, 2633, 2633, 2633, 2627, 2626, 2625, 2625, 2625, 2625, 2625, 2625, 2625, 2625], ""2"": [2612, 2612, 2612, 2612, 2612, 2612, 2612, 2613, 2614, 2614, 2614, 2614, 2614, 2614, 2614, 2614, 2615, 2616, 2616, 2616, 2616, 2616, 2616, 2616, 2617, 2618, 2618, 2618, 2618, 2618, 2618, 2618, 2619, 2620, 2620, 2620, 2620, 2620, 2620, 2620, 2620, 2614, 2613, 2612, 2612, 2612, 2612, 2612, 2612, 2612, 2612], ""3"": [2612, 2612, 2612, 2612, 2612, 2612, 2612, 2613, 2614, 2614, 2614, 2614, 2614, 2614, 2614, 2614, 2615, 2616, 2616, 2616, 2616, 2616, 2616, 2616, 2617, 2618, 2618, 2618, 2618, 2618, 2618, 2618, 2619, 2620, 2620, 2620, 2620, 2620, 2620, 2620, 2620, 2614, 2613, 2612, 2612, 2612, 2612, 2612, 2612, 2612, 2612], ""4"": [2612, 2612, 2612, 2612, 2612, 2612, 2612, 2613, 2614, 2614, 2614, 2614, 2614, 2614, 2614, 2614, 2615, 2616, 2616, 2616, 2616, 2616, 2616, 2616, 2617, 2618, 2618, 2618, 2618, 2618, 2618, 2618, 2619, 2620, 2620, 2620, 2620, 2620, 2620, 2620, 2620, 2614, 2613, 2612, 2612, 2612, 2612, 2612, 2612, 2612, 2612], ""5"": [2625, 2625, 2625, 2625, 2625, 2625, 2625, 2626, 2627, 2627, 2627, 2627, 2627, 2627, 2627, 2627, 2628, 2629, 2629, 2629, 2629, 2629, 2629, 2629, 2630, 2631, 2631, 2631, 2631, 2631, 2631, 2631, 2632, 2633, 2633, 2633, 2633, 2633, 2633, 2633, 2633, 2627, 2626, 2625, 2625, 2625, 2625, 2625, 2625, 2625, 2625], ""6"": [2638, 2638, 2638, 2638, 2638, 2638, 2638, 2639, 2640, 2640, 2640, 2640, 2640, 2640, 2640, 2640, 2641, 2642, 2642, 2642, 2642, 2642, 2642, 2642, 2643, 2644, 2644, 2644, 2644, 2644, 2644, 2644, 2645, 2646, 2646, 2646, 2646, 2646, 2646, 2646, 2646, 2640, 2639, 2638, 2638, 2638, 2638, 2638, 2638, 2638, 2638], ""7"": [2638, 2638, 2638, 2638, 2638, 2638, 2638, 2639, 2640, 2640, 2640, 2640, 2640, 2640, 2640, 2640, 2641, 2642, 2642, 2642, 2642, 2642, 2642, 2642, 2643, 2644, 2644, 2644, 2644, 2644, 2644, 2644, 2645, 2646, 2646, 2646, 2646, 2646, 2646, 2646, 2646, 2640, 2639, 2638, 2638, 2638, 2638, 2638, 2638, 2638, 2638]}",{},"frame = min(count-1, floor(count*progress/duration)); duration from atomic length",Animals/tribe_09_boars/Sheets/cr_ani_body_00__deer01/j48_A003_animal_wild_boar_wait_s254.png,Animals/tribe_09_boars/Sheets/cr_ani_body_00__deer01/j48_A003_animal_wild_boar_wait_s254__shadow_mask.png,"[37, 39]","[16, 16]","[0, 1, 2, 3, 4, 5, 6, 7]",RENDERED,COMPATIBLE,[],PIXEL_CONFIRMED,Animals/tribe_09_boars/young_job48/metadata.json,Animals/tribe_09_boars/young_job48/index.html
9,Wild Boars,animal,48,48,baby_animal,Young Animal,young,[48],255,48,False,atomic,4,animal_boar_baby_idle,100,[],,,0,,0,animal_wild_boar_wait,animal_wild_boar_wait,initial,0,Data\Engine2D\Bin\Bobs\CR_Ani_Body_00.bmd,Data\Engine2D\Bin\Bobs\CR_Ani_Body_00_s.bmd,,,[],deer01,,declared base palette (ordinal 0 of RNG list),[],"{""0"": [2625, 2625, 2625, 2625, 2625, 2625, 2625, 2626, 2627, 2627, 2627, 2627, 2627, 2627, 2627, 2627, 2628, 2629, 2629, 2629, 2629, 2629, 2629, 2629, 2630, 2631, 2631, 2631, 2631, 2631, 2631, 2631, 2632, 2633, 2633, 2633, 2633, 2633, 2633, 2633, 2633, 2627, 2626, 2625, 2625, 2625, 2625, 2625, 2625, 2625, 2625], ""1"": [2625, 2625, 2625, 2625, 2625, 2625, 2625, 2626, 2627, 2627, 2627, 2627, 2627, 2627, 2627, 2627, 2628, 2629, 2629, 2629, 2629, 2629, 2629, 2629, 2630, 2631, 2631, 2631, 2631, 2631, 2631, 2631, 2632, 2633, 2633, 2633, 2633, 2633, 2633, 2633, 2633, 2627, 2626, 2625, 2625, 2625, 2625, 2625, 2625, 2625, 2625], ""2"": [2612, 2612, 2612, 2612, 2612, 2612, 2612, 2613, 2614, 2614, 2614, 2614, 2614, 2614, 2614, 2614, 2615, 2616, 2616, 2616, 2616, 2616, 2616, 2616, 2617, 2618, 2618, 2618, 2618, 2618, 2618, 2618, 2619, 2620, 2620, 2620, 2620, 2620, 2620, 2620, 2620, 2614, 2613, 2612, 2612, 2612, 2612, 2612, 2612, 2612, 2612], ""3"": [2612, 2612, 2612, 2612, 2612, 2612, 2612, 2613, 2614, 2614, 2614, 2614, 2614, 2614, 2614, 2614, 2615, 2616, 2616, 2616, 2616, 2616, 2616, 2616, 2617, 2618, 2618, 2618, 2618, 2618, 2618, 2618, 2619, 2620, 2620, 2620, 2620, 2620, 2620, 2620, 2620, 2614, 2613, 2612, 2612, 2612, 2612, 2612, 2612, 2612, 2612], ""4"": [2612, 2612, 2612, 2612, 2612, 2612, 2612, 2613, 2614, 2614, 2614, 2614, 2614, 2614, 2614, 2614, 2615, 2616, 2616, 2616, 2616, 2616, 2616, 2616, 2617, 2618, 2618, 2618, 2618, 2618, 2618, 2618, 2619, 2620, 2620, 2620, 2620, 2620, 2620, 2620, 2620, 2614, 2613, 2612, 2612, 2612, 2612, 2612, 2612, 2612, 2612], ""5"": [2625, 2625, 2625, 2625, 2625, 2625, 2625, 2626, 2627, 2627, 2627, 2627, 2627, 2627, 2627, 2627, 2628, 2629, 2629, 2629, 2629, 2629, 2629, 2629, 2630, 2631, 2631, 2631, 2631, 2631, 2631, 2631, 2632, 2633, 2633, 2633, 2633, 2633, 2633, 2633, 2633, 2627, 2626, 2625, 2625, 2625, 2625, 2625, 2625, 2625, 2625], ""6"": [2638, 2638, 2638, 2638, 2638, 2638, 2638, 2639, 2640, 2640, 2640, 2640, 2640, 2640, 2640, 2640, 2641, 2642, 2642, 2642, 2642, 2642, 2642, 2642, 2643, 2644, 2644, 2644, 2644, 2644, 2644, 2644, 2645, 2646, 2646, 2646, 2646, 2646, 2646, 2646, 2646, 2640, 2639, 2638, 2638, 2638, 2638, 2638, 2638, 2638, 2638], ""7"": [2638, 2638, 2638, 2638, 2638, 2638, 2638, 2639, 2640, 2640, 2640, 2640, 2640, 2640, 2640, 2640, 2641, 2642, 2642, 2642, 2642, 2642, 2642, 2642, 2643, 2644, 2644, 2644, 2644, 2644, 2644, 2644, 2645, 2646, 2646, 2646, 2646, 2646, 2646, 2646, 2646, 2640, 2639, 2638, 2638, 2638, 2638, 2638, 2638, 2638, 2638]}",{},"frame = min(count-1, floor(count*progress/duration)); duration from atomic length",Animals/tribe_09_boars/Sheets/cr_ani_body_00__deer01/j48_A004_animal_wild_boar_wait_s255.png,Animals/tribe_09_boars/Sheets/cr_ani_body_00__deer01/j48_A004_animal_wild_boar_wait_s255__shadow_mask.png,"[37, 39]","[16, 16]","[0, 1, 2, 3, 4, 5, 6, 7]",RENDERED,COMPATIBLE,[],PIXEL_CONFIRMED,Animals/tribe_09_boars/young_job48/metadata.json,Animals/tribe_09_boars/young_job48/index.html
9,Wild Boars,animal,48,48,baby_animal,Young Animal,young,[48],256,48,False,atomic,5,animal_boar_baby_idle,100,[],,,0,,0,animal_wild_boar_wait,animal_wild_boar_wait,initial,0,Data\Engine2D\Bin\Bobs\CR_Ani_Body_00.bmd,Data\Engine2D\Bin\Bobs\CR_Ani_Body_00_s.bmd,,,[],deer01,,declared base palette (ordinal 0 of RNG list),[],"{""0"": [2625, 2625, 2625, 2625, 2625, 2625, 2625, 2626, 2627, 2627, 2627, 2627, 2627, 2627, 2627, 2627, 2628, 2629, 2629, 2629, 2629, 2629, 2629, 2629, 2630, 2631, 2631, 2631, 2631, 2631, 2631, 2631, 2632, 2633, 2633, 2633, 2633, 2633, 2633, 2633, 2633, 2627, 2626, 2625, 2625, 2625, 2625, 2625, 2625, 2625, 2625], ""1"": [2625, 2625, 2625, 2625, 2625, 2625, 2625, 2626, 2627, 2627, 2627, 2627, 2627, 2627, 2627, 2627, 2628, 2629, 2629, 2629, 2629, 2629, 2629, 2629, 2630, 2631, 2631, 2631, 2631, 2631, 2631, 2631, 2632, 2633, 2633, 2633, 2633, 2633, 2633, 2633, 2633, 2627, 2626, 2625, 2625, 2625, 2625, 2625, 2625, 2625, 2625], ""2"": [2612, 2612, 2612, 2612, 2612, 2612, 2612, 2613, 2614, 2614, 2614, 2614, 2614, 2614, 2614, 2614, 2615, 2616, 2616, 2616, 2616, 2616, 2616, 2616, 2617, 2618, 2618, 2618, 2618, 2618, 2618, 2618, 2619, 2620, 2620, 2620, 2620, 2620, 2620, 2620, 2620, 2614, 2613, 2612, 2612, 2612, 2612, 2612, 2612, 2612, 2612], ""3"": [2612, 2612, 2612, 2612, 2612, 2612, 2612, 2613, 2614, 2614, 2614, 2614, 2614, 2614, 2614, 2614, 2615, 2616, 2616, 2616, 2616, 2616, 2616, 2616, 2617, 2618, 2618, 2618, 2618, 2618, 2618, 2618, 2619, 2620, 2620, 2620, 2620, 2620, 2620, 2620, 2620, 2614, 2613, 2612, 2612, 2612, 2612, 2612, 2612, 2612, 2612], ""4"": [2612, 2612, 2612, 2612, 2612, 2612, 2612, 2613, 2614, 2614, 2614, 2614, 2614, 2614, 2614, 2614, 2615, 2616, 2616, 2616, 2616, 2616, 2616, 2616, 2617, 2618, 2618, 2618, 2618, 2618, 2618, 2618, 2619, 2620, 2620, 2620, 2620, 2620, 2620, 2620, 2620, 2614, 2613, 2612, 2612, 2612, 2612, 2612, 2612, 2612, 2612], ""5"": [2625, 2625, 2625, 2625, 2625, 2625, 2625, 2626, 2627, 2627, 2627, 2627, 2627, 2627, 2627, 2627, 2628, 2629, 2629, 2629, 2629, 2629, 2629, 2629, 2630, 2631, 2631, 2631, 2631, 2631, 2631, 2631, 2632, 2633, 2633, 2633, 2633, 2633, 2633, 2633, 2633, 2627, 2626, 2625, 2625, 2625, 2625, 2625, 2625, 2625, 2625], ""6"": [2638, 2638, 2638, 2638, 2638, 2638, 2638, 2639, 2640, 2640, 2640, 2640, 2640, 2640, 2640, 2640, 2641, 2642, 2642, 2642, 2642, 2642, 2642, 2642, 2643, 2644, 2644, 2644, 2644, 2644, 2644, 2644, 2645, 2646, 2646, 2646, 2646, 2646, 2646, 2646, 2646, 2640, 2639, 2638, 2638, 2638, 2638, 2638, 2638, 2638, 2638], ""7"": [2638, 2638, 2638, 2638, 2638, 2638, 2638, 2639, 2640, 2640, 2640, 2640, 2640, 2640, 2640, 2640, 2641, 2642, 2642, 2642, 2642, 2642, 2642, 2642, 2643, 2644, 2644, 2644, 2644, 2644, 2644, 2644, 2645, 2646, 2646, 2646, 2646, 2646, 2646, 2646, 2646, 2640, 2639, 2638, 2638, 2638, 2638, 2638, 2638, 2638, 2638]}",{},"frame = min(count-1, floor(count*progress/duration)); duration from atomic length",Animals/tribe_09_boars/Sheets/cr_ani_body_00__deer01/j48_A005_animal_wild_boar_wait_s256.png,Animals/tribe_09_boars/Sheets/cr_ani_body_00__deer01/j48_A005_animal_wild_boar_wait_s256__shadow_mask.png,"[37, 39]","[16, 16]","[0, 1, 2, 3, 4, 5, 6, 7]",RENDERED,COMPATIBLE,[],PIXEL_CONFIRMED,Animals/tribe_09_boars/young_job48/metadata.json,Animals/tribe_09_boars/young_job48/index.html
9,Wild Boars,animal,48,48,baby_animal,Young Animal,young,[48],257,48,False,atomic,6,animal_boar_baby_idle,100,[],,,0,,0,animal_wild_boar_wait,animal_wild_boar_wait,initial,0,Data\Engine2D\Bin\Bobs\CR_Ani_Body_00.bmd,Data\Engine2D\Bin\Bobs\CR_Ani_Body_00_s.bmd,,,[],deer01,,declared base palette (ordinal 0 of RNG list),[],"{""0"": [2625, 2625, 2625, 2625, 2625, 2625, 2625, 2626, 2627, 2627, 2627, 2627, 2627, 2627, 2627, 2627, 2628, 2629, 2629, 2629, 2629, 2629, 2629, 2629, 2630, 2631, 2631, 2631, 2631, 2631, 2631, 2631, 2632, 2633, 2633, 2633, 2633, 2633, 2633, 2633, 2633, 2627, 2626, 2625, 2625, 2625, 2625, 2625, 2625, 2625, 2625], ""1"": [2625, 2625, 2625, 2625, 2625, 2625, 2625, 2626, 2627, 2627, 2627, 2627, 2627, 2627, 2627, 2627, 2628, 2629, 2629, 2629, 2629, 2629, 2629, 2629, 2630, 2631, 2631, 2631, 2631, 2631, 2631, 2631, 2632, 2633, 2633, 2633, 2633, 2633, 2633, 2633, 2633, 2627, 2626, 2625, 2625, 2625, 2625, 2625, 2625, 2625, 2625], ""2"": [2612, 2612, 2612, 2612, 2612, 2612, 2612, 2613, 2614, 2614, 2614, 2614, 2614, 2614, 2614, 2614, 2615, 2616, 2616, 2616, 2616, 2616, 2616, 2616, 2617, 2618, 2618, 2618, 2618, 2618, 2618, 2618, 2619, 2620, 2620, 2620, 2620, 2620, 2620, 2620, 2620, 2614, 2613, 2612, 2612, 2612, 2612, 2612, 2612, 2612, 2612], ""3"": [2612, 2612, 2612, 2612, 2612, 2612, 2612, 2613, 2614, 2614, 2614, 2614, 2614, 2614, 2614, 2614, 2615, 2616, 2616, 2616, 2616, 2616, 2616, 2616, 2617, 2618, 2618, 2618, 2618, 2618, 2618, 2618, 2619, 2620, 2620, 2620, 2620, 2620, 2620, 2620, 2620, 2614, 2613, 2612, 2612, 2612, 2612, 2612, 2612, 2612, 2612], ""4"": [2612, 2612, 2612, 2612, 2612, 2612, 2612, 2613, 2614, 2614, 2614, 2614, 2614, 2614, 2614, 2614, 2615, 2616, 2616, 2616, 2616, 2616, 2616, 2616, 2617, 2618, 2618, 2618, 2618, 2618, 2618, 2618, 2619, 2620, 2620, 2620, 2620, 2620, 2620, 2620, 2620, 2614, 2613, 2612, 2612, 2612, 2612, 2612, 2612, 2612, 2612], ""5"": [2625, 2625, 2625, 2625, 2625, 2625, 2625, 2626, 2627, 2627, 2627, 2627, 2627, 2627, 2627, 2627, 2628, 2629, 2629, 2629, 2629, 2629, 2629, 2629, 2630, 2631, 2631, 2631, 2631, 2631, 2631, 2631, 2632, 2633, 2633, 2633, 2633, 2633, 2633, 2633, 2633, 2627, 2626, 2625, 2625, 2625, 2625, 2625, 2625, 2625, 2625], ""6"": [2638, 2638, 2638, 2638, 2638, 2638, 2638, 2639, 2640, 2640, 2640, 2640, 2640, 2640, 2640, 2640, 2641, 2642, 2642, 2642, 2642, 2642, 2642, 2642, 2643, 2644, 2644, 2644, 2644, 2644, 2644, 2644, 2645, 2646, 2646, 2646, 2646, 2646, 2646, 2646, 2646, 2640, 2639, 2638, 2638, 2638, 2638, 2638, 2638, 2638, 2638], ""7"": [2638, 2638, 2638, 2638, 2638, 2638, 2638, 2639, 2640, 2640, 2640, 2640, 2640, 2640, 2640, 2640, 2641, 2642, 2642, 2642, 2642, 2642, 2642, 2642, 2643, 2644, 2644, 2644, 2644, 2644, 2644, 2644, 2645, 2646, 2646, 2646, 2646, 2646, 2646, 2646, 2646, 2640, 2639, 2638, 2638, 2638, 2638, 2638, 2638, 2638, 2638]}",{},"frame = min(count-1, floor(count*progress/duration)); duration from atomic length",Animals/tribe_09_boars/Sheets/cr_ani_body_00__deer01/j48_A006_animal_wild_boar_wait_s257.png,Animals/tribe_09_boars/Sheets/cr_ani_body_00__deer01/j48_A006_animal_wild_boar_wait_s257__shadow_mask.png,"[37, 39]","[16, 16]","[0, 1, 2, 3, 4, 5, 6, 7]",RENDERED,COMPATIBLE,[],PIXEL_CONFIRMED,Animals/tribe_09_boars/young_job48/metadata.json,Animals/tribe_09_boars/young_job48/index.html
9,Wild Boars,animal,48,48,baby_animal,Young Animal,young,[48],258,48,False,atomic,7,animal_boar_baby_idle,100,[],,,0,,0,animal_wild_boar_wait,animal_wild_boar_wait,initial,0,Data\Engine2D\Bin\Bobs\CR_Ani_Body_00.bmd,Data\Engine2D\Bin\Bobs\CR_Ani_Body_00_s.bmd,,,[],deer01,,declared base palette (ordinal 0 of RNG list),[],"{""0"": [2625, 2625, 2625, 2625, 2625, 2625, 2625, 2626, 2627, 2627, 2627, 2627, 2627, 2627, 2627, 2627, 2628, 2629, 2629, 2629, 2629, 2629, 2629, 2629, 2630, 2631, 2631, 2631, 2631, 2631, 2631, 2631, 2632, 2633, 2633, 2633, 2633, 2633, 2633, 2633, 2633, 2627, 2626, 2625, 2625, 2625, 2625, 2625, 2625, 2625, 2625], ""1"": [2625, 2625, 2625, 2625, 2625, 2625, 2625, 2626, 2627, 2627, 2627, 2627, 2627, 2627, 2627, 2627, 2628, 2629, 2629, 2629, 2629, 2629, 2629, 2629, 2630, 2631, 2631, 2631, 2631, 2631, 2631, 2631, 2632, 2633, 2633, 2633, 2633, 2633, 2633, 2633, 2633, 2627, 2626, 2625, 2625, 2625, 2625, 2625, 2625, 2625, 2625], ""2"": [2612, 2612, 2612, 2612, 2612, 2612, 2612, 2613, 2614, 2614, 2614, 2614, 2614, 2614, 2614, 2614, 2615, 2616, 2616, 2616, 2616, 2616, 2616, 2616, 2617, 2618, 2618, 2618, 2618, 2618, 2618, 2618, 2619, 2620, 2620, 2620, 2620, 2620, 2620, 2620, 2620, 2614, 2613, 2612, 2612, 2612, 2612, 2612, 2612, 2612, 2612], ""3"": [2612, 2612, 2612, 2612, 2612, 2612, 2612, 2613, 2614, 2614, 2614, 2614, 2614, 2614, 2614, 2614, 2615, 2616, 2616, 2616, 2616, 2616, 2616, 2616, 2617, 2618, 2618, 2618, 2618, 2618, 2618, 2618, 2619, 2620, 2620, 2620, 2620, 2620, 2620, 2620, 2620, 2614, 2613, 2612, 2612, 2612, 2612, 2612, 2612, 2612, 2612], ""4"": [2612, 2612, 2612, 2612, 2612, 2612, 2612, 2613, 2614, 2614, 2614, 2614, 2614, 2614, 2614, 2614, 2615, 2616, 2616, 2616, 2616, 2616, 2616, 2616, 2617, 2618, 2618, 2618, 2618, 2618, 2618, 2618, 2619, 2620, 2620, 2620, 2620, 2620, 2620, 2620, 2620, 2614, 2613, 2612, 2612, 2612, 2612, 2612, 2612, 2612, 2612], ""5"": [2625, 2625, 2625, 2625, 2625, 2625, 2625, 2626, 2627, 2627, 2627, 2627, 2627, 2627, 2627, 2627, 2628, 2629, 2629, 2629, 2629, 2629, 2629, 2629, 2630, 2631, 2631, 2631, 2631, 2631, 2631, 2631, 2632, 2633, 2633, 2633, 2633, 2633, 2633, 2633, 2633, 2627, 2626, 2625, 2625, 2625, 2625, 2625, 2625, 2625, 2625], ""6"": [2638, 2638, 2638, 2638, 2638, 2638, 2638, 2639, 2640, 2640, 2640, 2640, 2640, 2640, 2640, 2640, 2641, 2642, 2642, 2642, 2642, 2642, 2642, 2642, 2643, 2644, 2644, 2644, 2644, 2644, 2644, 2644, 2645, 2646, 2646, 2646, 2646, 2646, 2646, 2646, 2646, 2640, 2639, 2638, 2638, 2638, 2638, 2638, 2638, 2638, 2638], ""7"": [2638, 2638, 2638, 2638, 2638, 2638, 2638, 2639, 2640, 2640, 2640, 2640, 2640, 2640, 2640, 2640, 2641, 2642, 2642, 2642, 2642, 2642, 2642, 2642, 2643, 2644, 2644, 2644, 2644, 2644, 2644, 2644, 2645, 2646, 2646, 2646, 2646, 2646, 2646, 2646, 2646, 2640, 2639, 2638, 2638, 2638, 2638, 2638, 2638, 2638, 2638]}",{},"frame = min(count-1, floor(count*progress/duration)); duration from atomic length",Animals/tribe_09_boars/Sheets/cr_ani_body_00__deer01/j48_A007_animal_wild_boar_wait_s258.png,Animals/tribe_09_boars/Sheets/cr_ani_body_00__deer01/j48_A007_animal_wild_boar_wait_s258__shadow_mask.png,"[37, 39]","[16, 16]","[0, 1, 2, 3, 4, 5, 6, 7]",RENDERED,COMPATIBLE,[],PIXEL_CONFIRMED,Animals/tribe_09_boars/young_job48/metadata.json,Animals/tribe_09_boars/young_job48/index.html
9,Wild Boars,animal,48,48,baby_animal,Young Animal,young,[48],259,48,False,atomic,9,animal_bear_eat,20,[],,,0,,0,animal_wild_boar_wait,animal_wild_boar_wait,initial,0,Data\Engine2D\Bin\Bobs\CR_Ani_Body_00.bmd,Data\Engine2D\Bin\Bobs\CR_Ani_Body_00_s.bmd,,,[],deer01,,declared base palette (ordinal 0 of RNG list),[],"{""0"": [2625, 2625, 2625, 2625, 2625, 2625, 2625, 2626, 2627, 2627, 2627, 2627, 2627, 2627, 2627, 2627, 2628, 2629, 2629, 2629, 2629, 2629, 2629, 2629, 2630, 2631, 2631, 2631, 2631, 2631, 2631, 2631, 2632, 2633, 2633, 2633, 2633, 2633, 2633, 2633, 2633, 2627, 2626, 2625, 2625, 2625, 2625, 2625, 2625, 2625, 2625], ""1"": [2625, 2625, 2625, 2625, 2625, 2625, 2625, 2626, 2627, 2627, 2627, 2627, 2627, 2627, 2627, 2627, 2628, 2629, 2629, 2629, 2629, 2629, 2629, 2629, 2630, 2631, 2631, 2631, 2631, 2631, 2631, 2631, 2632, 2633, 2633, 2633, 2633, 2633, 2633, 2633, 2633, 2627, 2626, 2625, 2625, 2625, 2625, 2625, 2625, 2625, 2625], ""2"": [2612, 2612, 2612, 2612, 2612, 2612, 2612, 2613, 2614, 2614, 2614, 2614, 2614, 2614, 2614, 2614, 2615, 2616, 2616, 2616, 2616, 2616, 2616, 2616, 2617, 2618, 2618, 2618, 2618, 2618, 2618, 2618, 2619, 2620, 2620, 2620, 2620, 2620, 2620, 2620, 2620, 2614, 2613, 2612, 2612, 2612, 2612, 2612, 2612, 2612, 2612], ""3"": [2612, 2612, 2612, 2612, 2612, 2612, 2612, 2613, 2614, 2614, 2614, 2614, 2614, 2614, 2614, 2614, 2615, 2616, 2616, 2616, 2616, 2616, 2616, 2616, 2617, 2618, 2618, 2618, 2618, 2618, 2618, 2618, 2619, 2620, 2620, 2620, 2620, 2620, 2620, 2620, 2620, 2614, 2613, 2612, 2612, 2612, 2612, 2612, 2612, 2612, 2612], ""4"": [2612, 2612, 2612, 2612, 2612, 2612, 2612, 2613, 2614, 2614, 2614, 2614, 2614, 2614, 2614, 2614, 2615, 2616, 2616, 2616, 2616, 2616, 2616, 2616, 2617, 2618, 2618, 2618, 2618, 2618, 2618, 2618, 2619, 2620, 2620, 2620, 2620, 2620, 2620, 2620, 2620, 2614, 2613, 2612, 2612, 2612, 2612, 2612, 2612, 2612, 2612], ""5"": [2625, 2625, 2625, 2625, 2625, 2625, 2625, 2626, 2627, 2627, 2627, 2627, 2627, 2627, 2627, 2627, 2628, 2629, 2629, 2629, 2629, 2629, 2629, 2629, 2630, 2631, 2631, 2631, 2631, 2631, 2631, 2631, 2632, 2633, 2633, 2633, 2633, 2633, 2633, 2633, 2633, 2627, 2626, 2625, 2625, 2625, 2625, 2625, 2625, 2625, 2625], ""6"": [2638, 2638, 2638, 2638, 2638, 2638, 2638, 2639, 2640, 2640, 2640, 2640, 2640, 2640, 2640, 2640, 2641, 2642, 2642, 2642, 2642, 2642, 2642, 2642, 2643, 2644, 2644, 2644, 2644, 2644, 2644, 2644, 2645, 2646, 2646, 2646, 2646, 2646, 2646, 2646, 2646, 2640, 2639, 2638, 2638, 2638, 2638, 2638, 2638, 2638, 2638], ""7"": [2638, 2638, 2638, 2638, 2638, 2638, 2638, 2639, 2640, 2640, 2640, 2640, 2640, 2640, 2640, 2640, 2641, 2642, 2642, 2642, 2642, 2642, 2642, 2642, 2643, 2644, 2644, 2644, 2644, 2644, 2644, 2644, 2645, 2646, 2646, 2646, 2646, 2646, 2646, 2646, 2646, 2640, 2639, 2638, 2638, 2638, 2638, 2638, 2638, 2638, 2638]}",{},"frame = min(count-1, floor(count*progress/duration)); duration from atomic length",Animals/tribe_09_boars/Sheets/cr_ani_body_00__deer01/j48_A009_animal_wild_boar_wait_s259.png,Animals/tribe_09_boars/Sheets/cr_ani_body_00__deer01/j48_A009_animal_wild_boar_wait_s259__shadow_mask.png,"[37, 39]","[16, 16]","[0, 1, 2, 3, 4, 5, 6, 7]",RENDERED,COMPATIBLE,[],PIXEL_CONFIRMED,Animals/tribe_09_boars/young_job48/metadata.json,Animals/tribe_09_boars/young_job48/index.html
9,Wild Boars,animal,48,48,baby_animal,Young Animal,young,[48],1115,48,False,walk,,,,[],0,,,100000,0,animal_wild_boar_walk,animal_wild_boar_walk,initial,0,Data\Engine2D\Bin\Bobs\CR_Ani_Body_00.bmd,Data\Engine2D\Bin\Bobs\CR_Ani_Body_00_s.bmd,,,[],deer01,,declared base palette (ordinal 0 of RNG list),[],"{""0"": [2699, 2700, 2701, 2702, 2703, 2704, 2705, 2706, 2707, 2708, 2709, 2710], ""1"": [2711, 2712, 2713, 2714, 2715, 2716, 2717, 2718, 2719, 2720, 2721, 2722], ""2"": [2651, 2652, 2653, 2654, 2655, 2656, 2657, 2658, 2659, 2660, 2661, 2662], ""3"": [2663, 2664, 2665, 2666, 2667, 2668, 2669, 2670, 2671, 2672, 2673, 2674], ""4"": [2675, 2676, 2677, 2678, 2679, 2680, 2681, 2682, 2683, 2684, 2685, 2686], ""5"": [2687, 2688, 2689, 2690, 2691, 2692, 2693, 2694, 2695, 2696, 2697, 2698], ""6"": [2735, 2736, 2737, 2738, 2739, 2740, 2741, 2742, 2743, 2744, 2745, 2746], ""7"": [2723, 2724, 2725, 2726, 2727, 2728, 2729, 2730, 2731, 2732, 2733, 2734]}",{},frame = frameTick % count (walk; caller frame tick),Animals/tribe_09_boars/Sheets/cr_ani_body_00__deer01/j48_W000_animal_wild_boar_walk_s1115.png,Animals/tribe_09_boars/Sheets/cr_ani_body_00__deer01/j48_W000_animal_wild_boar_walk_s1115__shadow_mask.png,"[58, 42]","[33, 22]","[0, 1, 2, 3, 4, 5, 6, 7]",RENDERED,COMPATIBLE,[],PIXEL_CONFIRMED,Animals/tribe_09_boars/young_job48/metadata.json,Animals/tribe_09_boars/young_job48/index.html
9,Wild Boars,animal,49,49,adult_animal,Animal,adult,"[49, 48]",247,49,False,atomic,2,animal_boar_adult_idle,100,[],,,0,,0,animal_wild_boar_wait,animal_wild_boar_wait,initial,0,Data\Engine2D\Bin\Bobs\CR_Ani_Body_00.bmd,Data\Engine2D\Bin\Bobs\CR_Ani_Body_00_s.bmd,,,[],deer01,,declared base palette (ordinal 0 of RNG list),[],"{""0"": [2625, 2625, 2625, 2625, 2625, 2625, 2625, 2626, 2627, 2627, 2627, 2627, 2627, 2627, 2627, 2627, 2628, 2629, 2629, 2629, 2629, 2629, 2629, 2629, 2630, 2631, 2631, 2631, 2631, 2631, 2631, 2631, 2632, 2633, 2633, 2633, 2633, 2633, 2633, 2633, 2633, 2627, 2626, 2625, 2625, 2625, 2625, 2625, 2625, 2625, 2625], ""1"": [2625, 2625, 2625, 2625, 2625, 2625, 2625, 2626, 2627, 2627, 2627, 2627, 2627, 2627, 2627, 2627, 2628, 2629, 2629, 2629, 2629, 2629, 2629, 2629, 2630, 2631, 2631, 2631, 2631, 2631, 2631, 2631, 2632, 2633, 2633, 2633, 2633, 2633, 2633, 2633, 2633, 2627, 2626, 2625, 2625, 2625, 2625, 2625, 2625, 2625, 2625], ""2"": [2612, 2612, 2612, 2612, 2612, 2612, 2612, 2613, 2614, 2614, 2614, 2614, 2614, 2614, 2614, 2614, 2615, 2616, 2616, 2616, 2616, 2616, 2616, 2616, 2617, 2618, 2618, 2618, 2618, 2618, 2618, 2618, 2619, 2620, 2620, 2620, 2620, 2620, 2620, 2620, 2620, 2614, 2613, 2612, 2612, 2612, 2612, 2612, 2612, 2612, 2612], ""3"": [2612, 2612, 2612, 2612, 2612, 2612, 2612, 2613, 2614, 2614, 2614, 2614, 2614, 2614, 2614, 2614, 2615, 2616, 2616, 2616, 2616, 2616, 2616, 2616, 2617, 2618, 2618, 2618, 2618, 2618, 2618, 2618, 2619, 2620, 2620, 2620, 2620, 2620, 2620, 2620, 2620, 2614, 2613, 2612, 2612, 2612, 2612, 2612, 2612, 2612, 2612], ""4"": [2612, 2612, 2612, 2612, 2612, 2612, 2612, 2613, 2614, 2614, 2614, 2614, 2614, 2614, 2614, 2614, 2615, 2616, 2616, 2616, 2616, 2616, 2616, 2616, 2617, 2618, 2618, 2618, 2618, 2618, 2618, 2618, 2619, 2620, 2620, 2620, 2620, 2620, 2620, 2620, 2620, 2614, 2613, 2612, 2612, 2612, 2612, 2612, 2612, 2612, 2612], ""5"": [2625, 2625, 2625, 2625, 2625, 2625, 2625, 2626, 2627, 2627, 2627, 2627, 2627, 2627, 2627, 2627, 2628, 2629, 2629, 2629, 2629, 2629, 2629, 2629, 2630, 2631, 2631, 2631, 2631, 2631, 2631, 2631, 2632, 2633, 2633, 2633, 2633, 2633, 2633, 2633, 2633, 2627, 2626, 2625, 2625, 2625, 2625, 2625, 2625, 2625, 2625], ""6"": [2638, 2638, 2638, 2638, 2638, 2638, 2638, 2639, 2640, 2640, 2640, 2640, 2640, 2640, 2640, 2640, 2641, 2642, 2642, 2642, 2642, 2642, 2642, 2642, 2643, 2644, 2644, 2644, 2644, 2644, 2644, 2644, 2645, 2646, 2646, 2646, 2646, 2646, 2646, 2646, 2646, 2640, 2639, 2638, 2638, 2638, 2638, 2638, 2638, 2638, 2638], ""7"": [2638, 2638, 2638, 2638, 2638, 2638, 2638, 2639, 2640, 2640, 2640, 2640, 2640, 2640, 2640, 2640, 2641, 2642, 2642, 2642, 2642, 2642, 2642, 2642, 2643, 2644, 2644, 2644, 2644, 2644, 2644, 2644, 2645, 2646, 2646, 2646, 2646, 2646, 2646, 2646, 2646, 2640, 2639, 2638, 2638, 2638, 2638, 2638, 2638, 2638, 2638]}",{},"frame = min(count-1, floor(count*progress/duration)); duration from atomic length",Animals/tribe_09_boars/Sheets/cr_ani_body_00__deer01/j49_A002_animal_wild_boar_wait_s247.png,Animals/tribe_09_boars/Sheets/cr_ani_body_00__deer01/j49_A002_animal_wild_boar_wait_s247__shadow_mask.png,"[37, 39]","[16, 16]","[0, 1, 2, 3, 4, 5, 6, 7]",RENDERED,COMPATIBLE,[],PIXEL_CONFIRMED,Animals/tribe_09_boars/adult_job49/metadata.json,Animals/tribe_09_boars/adult_job49/index.html
9,Wild Boars,animal,49,49,adult_animal,Animal,adult,"[49, 48]",246,49,False,atomic,3,animal_boar_adult_idle,100,[],,,0,,0,animal_wild_boar_wait,animal_wild_boar_wait,initial,0,Data\Engine2D\Bin\Bobs\CR_Ani_Body_00.bmd,Data\Engine2D\Bin\Bobs\CR_Ani_Body_00_s.bmd,,,[],deer01,,declared base palette (ordinal 0 of RNG list),[],"{""0"": [2625, 2625, 2625, 2625, 2625, 2625, 2625, 2626, 2627, 2627, 2627, 2627, 2627, 2627, 2627, 2627, 2628, 2629, 2629, 2629, 2629, 2629, 2629, 2629, 2630, 2631, 2631, 2631, 2631, 2631, 2631, 2631, 2632, 2633, 2633, 2633, 2633, 2633, 2633, 2633, 2633, 2627, 2626, 2625, 2625, 2625, 2625, 2625, 2625, 2625, 2625], ""1"": [2625, 2625, 2625, 2625, 2625, 2625, 2625, 2626, 2627, 2627, 2627, 2627, 2627, 2627, 2627, 2627, 2628, 2629, 2629, 2629, 2629, 2629, 2629, 2629, 2630, 2631, 2631, 2631, 2631, 2631, 2631, 2631, 2632, 2633, 2633, 2633, 2633, 2633, 2633, 2633, 2633, 2627, 2626, 2625, 2625, 2625, 2625, 2625, 2625, 2625, 2625], ""2"": [2612, 2612, 2612, 2612, 2612, 2612, 2612, 2613, 2614, 2614, 2614, 2614, 2614, 2614, 2614, 2614, 2615, 2616, 2616, 2616, 2616, 2616, 2616, 2616, 2617, 2618, 2618, 2618, 2618, 2618, 2618, 2618, 2619, 2620, 2620, 2620, 2620, 2620, 2620, 2620, 2620, 2614, 2613, 2612, 2612, 2612, 2612, 2612, 2612, 2612, 2612], ""3"": [2612, 2612, 2612, 2612, 2612, 2612, 2612, 2613, 2614, 2614, 2614, 2614, 2614, 2614, 2614, 2614, 2615, 2616, 2616, 2616, 2616, 2616, 2616, 2616, 2617, 2618, 2618, 2618, 2618, 2618, 2618, 2618, 2619, 2620, 2620, 2620, 2620, 2620, 2620, 2620, 2620, 2614, 2613, 2612, 2612, 2612, 2612, 2612, 2612, 2612, 2612], ""4"": [2612, 2612, 2612, 2612, 2612, 2612, 2612, 2613, 2614, 2614, 2614, 2614, 2614, 2614, 2614, 2614, 2615, 2616, 2616, 2616, 2616, 2616, 2616, 2616, 2617, 2618, 2618, 2618, 2618, 2618, 2618, 2618, 2619, 2620, 2620, 2620, 2620, 2620, 2620, 2620, 2620, 2614, 2613, 2612, 2612, 2612, 2612, 2612, 2612, 2612, 2612], ""5"": [2625, 2625, 2625, 2625, 2625, 2625, 2625, 2626, 2627, 2627, 2627, 2627, 2627, 2627, 2627, 2627, 2628, 2629, 2629, 2629, 2629, 2629, 2629, 2629, 2630, 2631, 2631, 2631, 2631, 2631, 2631, 2631, 2632, 2633, 2633, 2633, 2633, 2633, 2633, 2633, 2633, 2627, 2626, 2625, 2625, 2625, 2625, 2625, 2625, 2625, 2625], ""6"": [2638, 2638, 2638, 2638, 2638, 2638, 2638, 2639, 2640, 2640, 2640, 2640, 2640, 2640, 2640, 2640, 2641, 2642, 2642, 2642, 2642, 2642, 2642, 2642, 2643, 2644, 2644, 2644, 2644, 2644, 2644, 2644, 2645, 2646, 2646, 2646, 2646, 2646, 2646, 2646, 2646, 2640, 2639, 2638, 2638, 2638, 2638, 2638, 2638, 2638, 2638], ""7"": [2638, 2638, 2638, 2638, 2638, 2638, 2638, 2639, 2640, 2640, 2640, 2640, 2640, 2640, 2640, 2640, 2641, 2642, 2642, 2642, 2642, 2642, 2642, 2642, 2643, 2644, 2644, 2644, 2644, 2644, 2644, 2644, 2645, 2646, 2646, 2646, 2646, 2646, 2646, 2646, 2646, 2640, 2639, 2638, 2638, 2638, 2638, 2638, 2638, 2638, 2638]}",{},"frame = min(count-1, floor(count*progress/duration)); duration from atomic length",Animals/tribe_09_boars/Sheets/cr_ani_body_00__deer01/j49_A003_animal_wild_boar_wait_s246.png,Animals/tribe_09_boars/Sheets/cr_ani_body_00__deer01/j49_A003_animal_wild_boar_wait_s246__shadow_mask.png,"[37, 39]","[16, 16]","[0, 1, 2, 3, 4, 5, 6, 7]",RENDERED,COMPATIBLE,[],PIXEL_CONFIRMED,Animals/tribe_09_boars/adult_job49/metadata.json,Animals/tribe_09_boars/adult_job49/index.html
9,Wild Boars,animal,49,49,adult_animal,Animal,adult,"[49, 48]",248,49,False,atomic,4,animal_boar_adult_idle,100,[],,,0,,0,animal_wild_boar_wait,animal_wild_boar_wait,initial,0,Data\Engine2D\Bin\Bobs\CR_Ani_Body_00.bmd,Data\Engine2D\Bin\Bobs\CR_Ani_Body_00_s.bmd,,,[],deer01,,declared base palette (ordinal 0 of RNG list),[],"{""0"": [2625, 2625, 2625, 2625, 2625, 2625, 2625, 2626, 2627, 2627, 2627, 2627, 2627, 2627, 2627, 2627, 2628, 2629, 2629, 2629, 2629, 2629, 2629, 2629, 2630, 2631, 2631, 2631, 2631, 2631, 2631, 2631, 2632, 2633, 2633, 2633, 2633, 2633, 2633, 2633, 2633, 2627, 2626, 2625, 2625, 2625, 2625, 2625, 2625, 2625, 2625], ""1"": [2625, 2625, 2625, 2625, 2625, 2625, 2625, 2626, 2627, 2627, 2627, 2627, 2627, 2627, 2627, 2627, 2628, 2629, 2629, 2629, 2629, 2629, 2629, 2629, 2630, 2631, 2631, 2631, 2631, 2631, 2631, 2631, 2632, 2633, 2633, 2633, 2633, 2633, 2633, 2633, 2633, 2627, 2626, 2625, 2625, 2625, 2625, 2625, 2625, 2625, 2625], ""2"": [2612, 2612, 2612, 2612, 2612, 2612, 2612, 2613, 2614, 2614, 2614, 2614, 2614, 2614, 2614, 2614, 2615, 2616, 2616, 2616, 2616, 2616, 2616, 2616, 2617, 2618, 2618, 2618, 2618, 2618, 2618, 2618, 2619, 2620, 2620, 2620, 2620, 2620, 2620, 2620, 2620, 2614, 2613, 2612, 2612, 2612, 2612, 2612, 2612, 2612, 2612], ""3"": [2612, 2612, 2612, 2612, 2612, 2612, 2612, 2613, 2614, 2614, 2614, 2614, 2614, 2614, 2614, 2614, 2615, 2616, 2616, 2616, 2616, 2616, 2616, 2616, 2617, 2618, 2618, 2618, 2618, 2618, 2618, 2618, 2619, 2620, 2620, 2620, 2620, 2620, 2620, 2620, 2620, 2614, 2613, 2612, 2612, 2612, 2612, 2612, 2612, 2612, 2612], ""4"": [2612, 2612, 2612, 2612, 2612, 2612, 2612, 2613, 2614, 2614, 2614, 2614, 2614, 2614, 2614, 2614, 2615, 2616, 2616, 2616, 2616, 2616, 2616, 2616, 2617, 2618, 2618, 2618, 2618, 2618, 2618, 2618, 2619, 2620, 2620, 2620, 2620, 2620, 2620, 2620, 2620, 2614, 2613, 2612, 2612, 2612, 2612, 2612, 2612, 2612, 2612], ""5"": [2625, 2625, 2625, 2625, 2625, 2625, 2625, 2626, 2627, 2627, 2627, 2627, 2627, 2627, 2627, 2627, 2628, 2629, 2629, 2629, 2629, 2629, 2629, 2629, 2630, 2631, 2631, 2631, 2631, 2631, 2631, 2631, 2632, 2633, 2633, 2633, 2633, 2633, 2633, 2633, 2633, 2627, 2626, 2625, 2625, 2625, 2625, 2625, 2625, 2625, 2625], ""6"": [2638, 2638, 2638, 2638, 2638, 2638, 2638, 2639, 2640, 2640, 2640, 2640, 2640, 2640, 2640, 2640, 2641, 2642, 2642, 2642, 2642, 2642, 2642, 2642, 2643, 2644, 2644, 2644, 2644, 2644, 2644, 2644, 2645, 2646, 2646, 2646, 2646, 2646, 2646, 2646, 2646, 2640, 2639, 2638, 2638, 2638, 2638, 2638, 2638, 2638, 2638], ""7"": [2638, 2638, 2638, 2638, 2638, 2638, 2638, 2639, 2640, 2640, 2640, 2640, 2640, 2640, 2640, 2640, 2641, 2642, 2642, 2642, 2642, 2642, 2642, 2642, 2643, 2644, 2644, 2644, 2644, 2644, 2644, 2644, 2645, 2646, 2646, 2646, 2646, 2646, 2646, 2646, 2646, 2640, 2639, 2638, 2638, 2638, 2638, 2638, 2638, 2638, 2638]}",{},"frame = min(count-1, floor(count*progress/duration)); duration from atomic length",Animals/tribe_09_boars/Sheets/cr_ani_body_00__deer01/j49_A004_animal_wild_boar_wait_s248.png,Animals/tribe_09_boars/Sheets/cr_ani_body_00__deer01/j49_A004_animal_wild_boar_wait_s248__shadow_mask.png,"[37, 39]","[16, 16]","[0, 1, 2, 3, 4, 5, 6, 7]",RENDERED,COMPATIBLE,[],PIXEL_CONFIRMED,Animals/tribe_09_boars/adult_job49/metadata.json,Animals/tribe_09_boars/adult_job49/index.html
9,Wild Boars,animal,49,49,adult_animal,Animal,adult,"[49, 48]",249,49,False,atomic,5,animal_boar_adult_idle,100,[],,,0,,0,animal_wild_boar_wait,animal_wild_boar_wait,initial,0,Data\Engine2D\Bin\Bobs\CR_Ani_Body_00.bmd,Data\Engine2D\Bin\Bobs\CR_Ani_Body_00_s.bmd,,,[],deer01,,declared base palette (ordinal 0 of RNG list),[],"{""0"": [2625, 2625, 2625, 2625, 2625, 2625, 2625, 2626, 2627, 2627, 2627, 2627, 2627, 2627, 2627, 2627, 2628, 2629, 2629, 2629, 2629, 2629, 2629, 2629, 2630, 2631, 2631, 2631, 2631, 2631, 2631, 2631, 2632, 2633, 2633, 2633, 2633, 2633, 2633, 2633, 2633, 2627, 2626, 2625, 2625, 2625, 2625, 2625, 2625, 2625, 2625], ""1"": [2625, 2625, 2625, 2625, 2625, 2625, 2625, 2626, 2627, 2627, 2627, 2627, 2627, 2627, 2627, 2627, 2628, 2629, 2629, 2629, 2629, 2629, 2629, 2629, 2630, 2631, 2631, 2631, 2631, 2631, 2631, 2631, 2632, 2633, 2633, 2633, 2633, 2633, 2633, 2633, 2633, 2627, 2626, 2625, 2625, 2625, 2625, 2625, 2625, 2625, 2625], ""2"": [2612, 2612, 2612, 2612, 2612, 2612, 2612, 2613, 2614, 2614, 2614, 2614, 2614, 2614, 2614, 2614, 2615, 2616, 2616, 2616, 2616, 2616, 2616, 2616, 2617, 2618, 2618, 2618, 2618, 2618, 2618, 2618, 2619, 2620, 2620, 2620, 2620, 2620, 2620, 2620, 2620, 2614, 2613, 2612, 2612, 2612, 2612, 2612, 2612, 2612, 2612], ""3"": [2612, 2612, 2612, 2612, 2612, 2612, 2612, 2613, 2614, 2614, 2614, 2614, 2614, 2614, 2614, 2614, 2615, 2616, 2616, 2616, 2616, 2616, 2616, 2616, 2617, 2618, 2618, 2618, 2618, 2618, 2618, 2618, 2619, 2620, 2620, 2620, 2620, 2620, 2620, 2620, 2620, 2614, 2613, 2612, 2612, 2612, 2612, 2612, 2612, 2612, 2612], ""4"": [2612, 2612, 2612, 2612, 2612, 2612, 2612, 2613, 2614, 2614, 2614, 2614, 2614, 2614, 2614, 2614, 2615, 2616, 2616, 2616, 2616, 2616, 2616, 2616, 2617, 2618, 2618, 2618, 2618, 2618, 2618, 2618, 2619, 2620, 2620, 2620, 2620, 2620, 2620, 2620, 2620, 2614, 2613, 2612, 2612, 2612, 2612, 2612, 2612, 2612, 2612], ""5"": [2625, 2625, 2625, 2625, 2625, 2625, 2625, 2626, 2627, 2627, 2627, 2627, 2627, 2627, 2627, 2627, 2628, 2629, 2629, 2629, 2629, 2629, 2629, 2629, 2630, 2631, 2631, 2631, 2631, 2631, 2631, 2631, 2632, 2633, 2633, 2633, 2633, 2633, 2633, 2633, 2633, 2627, 2626, 2625, 2625, 2625, 2625, 2625, 2625, 2625, 2625], ""6"": [2638, 2638, 2638, 2638, 2638, 2638, 2638, 2639, 2640, 2640, 2640, 2640, 2640, 2640, 2640, 2640, 2641, 2642, 2642, 2642, 2642, 2642, 2642, 2642, 2643, 2644, 2644, 2644, 2644, 2644, 2644, 2644, 2645, 2646, 2646, 2646, 2646, 2646, 2646, 2646, 2646, 2640, 2639, 2638, 2638, 2638, 2638, 2638, 2638, 2638, 2638], ""7"": [2638, 2638, 2638, 2638, 2638, 2638, 2638, 2639, 2640, 2640, 2640, 2640, 2640, 2640, 2640, 2640, 2641, 2642, 2642, 2642, 2642, 2642, 2642, 2642, 2643, 2644, 2644, 2644, 2644, 2644, 2644, 2644, 2645, 2646, 2646, 2646, 2646, 2646, 2646, 2646, 2646, 2640, 2639, 2638, 2638, 2638, 2638, 2638, 2638, 2638, 2638]}",{},"frame = min(count-1, floor(count*progress/duration)); duration from atomic length",Animals/tribe_09_boars/Sheets/cr_ani_body_00__deer01/j49_A005_animal_wild_boar_wait_s249.png,Animals/tribe_09_boars/Sheets/cr_ani_body_00__deer01/j49_A005_animal_wild_boar_wait_s249__shadow_mask.png,"[37, 39]","[16, 16]","[0, 1, 2, 3, 4, 5, 6, 7]",RENDERED,COMPATIBLE,[],PIXEL_CONFIRMED,Animals/tribe_09_boars/adult_job49/metadata.json,Animals/tribe_09_boars/adult_job49/index.html
9,Wild Boars,animal,49,49,adult_animal,Animal,adult,"[49, 48]",250,49,False,atomic,6,animal_boar_adult_idle,100,[],,,0,,0,animal_wild_boar_wait,animal_wild_boar_wait,initial,0,Data\Engine2D\Bin\Bobs\CR_Ani_Body_00.bmd,Data\Engine2D\Bin\Bobs\CR_Ani_Body_00_s.bmd,,,[],deer01,,declared base palette (ordinal 0 of RNG list),[],"{""0"": [2625, 2625, 2625, 2625, 2625, 2625, 2625, 2626, 2627, 2627, 2627, 2627, 2627, 2627, 2627, 2627, 2628, 2629, 2629, 2629, 2629, 2629, 2629, 2629, 2630, 2631, 2631, 2631, 2631, 2631, 2631, 2631, 2632, 2633, 2633, 2633, 2633, 2633, 2633, 2633, 2633, 2627, 2626, 2625, 2625, 2625, 2625, 2625, 2625, 2625, 2625], ""1"": [2625, 2625, 2625, 2625, 2625, 2625, 2625, 2626, 2627, 2627, 2627, 2627, 2627, 2627, 2627, 2627, 2628, 2629, 2629, 2629, 2629, 2629, 2629, 2629, 2630, 2631, 2631, 2631, 2631, 2631, 2631, 2631, 2632, 2633, 2633, 2633, 2633, 2633, 2633, 2633, 2633, 2627, 2626, 2625, 2625, 2625, 2625, 2625, 2625, 2625, 2625], ""2"": [2612, 2612, 2612, 2612, 2612, 2612, 2612, 2613, 2614, 2614, 2614, 2614, 2614, 2614, 2614, 2614, 2615, 2616, 2616, 2616, 2616, 2616, 2616, 2616, 2617, 2618, 2618, 2618, 2618, 2618, 2618, 2618, 2619, 2620, 2620, 2620, 2620, 2620, 2620, 2620, 2620, 2614, 2613, 2612, 2612, 2612, 2612, 2612, 2612, 2612, 2612], ""3"": [2612, 2612, 2612, 2612, 2612, 2612, 2612, 2613, 2614, 2614, 2614, 2614, 2614, 2614, 2614, 2614, 2615, 2616, 2616, 2616, 2616, 2616, 2616, 2616, 2617, 2618, 2618, 2618, 2618, 2618, 2618, 2618, 2619, 2620, 2620, 2620, 2620, 2620, 2620, 2620, 2620, 2614, 2613, 2612, 2612, 2612, 2612, 2612, 2612, 2612, 2612], ""4"": [2612, 2612, 2612, 2612, 2612, 2612, 2612, 2613, 2614, 2614, 2614, 2614, 2614, 2614, 2614, 2614, 2615, 2616, 2616, 2616, 2616, 2616, 2616, 2616, 2617, 2618, 2618, 2618, 2618, 2618, 2618, 2618, 2619, 2620, 2620, 2620, 2620, 2620, 2620, 2620, 2620, 2614, 2613, 2612, 2612, 2612, 2612, 2612, 2612, 2612, 2612], ""5"": [2625, 2625, 2625, 2625, 2625, 2625, 2625, 2626, 2627, 2627, 2627, 2627, 2627, 2627, 2627, 2627, 2628, 2629, 2629, 2629, 2629, 2629, 2629, 2629, 2630, 2631, 2631, 2631, 2631, 2631, 2631, 2631, 2632, 2633, 2633, 2633, 2633, 2633, 2633, 2633, 2633, 2627, 2626, 2625, 2625, 2625, 2625, 2625, 2625, 2625, 2625], ""6"": [2638, 2638, 2638, 2638, 2638, 2638, 2638, 2639, 2640, 2640, 2640, 2640, 2640, 2640, 2640, 2640, 2641, 2642, 2642, 2642, 2642, 2642, 2642, 2642, 2643, 2644, 2644, 2644, 2644, 2644, 2644, 2644, 2645, 2646, 2646, 2646, 2646, 2646, 2646, 2646, 2646, 2640, 2639, 2638, 2638, 2638, 2638, 2638, 2638, 2638, 2638], ""7"": [2638, 2638, 2638, 2638, 2638, 2638, 2638, 2639, 2640, 2640, 2640, 2640, 2640, 2640, 2640, 2640, 2641, 2642, 2642, 2642, 2642, 2642, 2642, 2642, 2643, 2644, 2644, 2644, 2644, 2644, 2644, 2644, 2645, 2646, 2646, 2646, 2646, 2646, 2646, 2646, 2646, 2640, 2639, 2638, 2638, 2638, 2638, 2638, 2638, 2638, 2638]}",{},"frame = min(count-1, floor(count*progress/duration)); duration from atomic length",Animals/tribe_09_boars/Sheets/cr_ani_body_00__deer01/j49_A006_animal_wild_boar_wait_s250.png,Animals/tribe_09_boars/Sheets/cr_ani_body_00__deer01/j49_A006_animal_wild_boar_wait_s250__shadow_mask.png,"[37, 39]","[16, 16]","[0, 1, 2, 3, 4, 5, 6, 7]",RENDERED,COMPATIBLE,[],PIXEL_CONFIRMED,Animals/tribe_09_boars/adult_job49/metadata.json,Animals/tribe_09_boars/adult_job49/index.html
9,Wild Boars,animal,49,49,adult_animal,Animal,adult,"[49, 48]",251,49,False,atomic,7,animal_boar_adult_idle,100,[],,,0,,0,animal_wild_boar_wait,animal_wild_boar_wait,initial,0,Data\Engine2D\Bin\Bobs\CR_Ani_Body_00.bmd,Data\Engine2D\Bin\Bobs\CR_Ani_Body_00_s.bmd,,,[],deer01,,declared base palette (ordinal 0 of RNG list),[],"{""0"": [2625, 2625, 2625, 2625, 2625, 2625, 2625, 2626, 2627, 2627, 2627, 2627, 2627, 2627, 2627, 2627, 2628, 2629, 2629, 2629, 2629, 2629, 2629, 2629, 2630, 2631, 2631, 2631, 2631, 2631, 2631, 2631, 2632, 2633, 2633, 2633, 2633, 2633, 2633, 2633, 2633, 2627, 2626, 2625, 2625, 2625, 2625, 2625, 2625, 2625, 2625], ""1"": [2625, 2625, 2625, 2625, 2625, 2625, 2625, 2626, 2627, 2627, 2627, 2627, 2627, 2627, 2627, 2627, 2628, 2629, 2629, 2629, 2629, 2629, 2629, 2629, 2630, 2631, 2631, 2631, 2631, 2631, 2631, 2631, 2632, 2633, 2633, 2633, 2633, 2633, 2633, 2633, 2633, 2627, 2626, 2625, 2625, 2625, 2625, 2625, 2625, 2625, 2625], ""2"": [2612, 2612, 2612, 2612, 2612, 2612, 2612, 2613, 2614, 2614, 2614, 2614, 2614, 2614, 2614, 2614, 2615, 2616, 2616, 2616, 2616, 2616, 2616, 2616, 2617, 2618, 2618, 2618, 2618, 2618, 2618, 2618, 2619, 2620, 2620, 2620, 2620, 2620, 2620, 2620, 2620, 2614, 2613, 2612, 2612, 2612, 2612, 2612, 2612, 2612, 2612], ""3"": [2612, 2612, 2612, 2612, 2612, 2612, 2612, 2613, 2614, 2614, 2614, 2614, 2614, 2614, 2614, 2614, 2615, 2616, 2616, 2616, 2616, 2616, 2616, 2616, 2617, 2618, 2618, 2618, 2618, 2618, 2618, 2618, 2619, 2620, 2620, 2620, 2620, 2620, 2620, 2620, 2620, 2614, 2613, 2612, 2612, 2612, 2612, 2612, 2612, 2612, 2612], ""4"": [2612, 2612, 2612, 2612, 2612, 2612, 2612, 2613, 2614, 2614, 2614, 2614, 2614, 2614, 2614, 2614, 2615, 2616, 2616, 2616, 2616, 2616, 2616, 2616, 2617, 2618, 2618, 2618, 2618, 2618, 2618, 2618, 2619, 2620, 2620, 2620, 2620, 2620, 2620, 2620, 2620, 2614, 2613, 2612, 2612, 2612, 2612, 2612, 2612, 2612, 2612], ""5"": [2625, 2625, 2625, 2625, 2625, 2625, 2625, 2626, 2627, 2627, 2627, 2627, 2627, 2627, 2627, 2627, 2628, 2629, 2629, 2629, 2629, 2629, 2629, 2629, 2630, 2631, 2631, 2631, 2631, 2631, 2631, 2631, 2632, 2633, 2633, 2633, 2633, 2633, 2633, 2633, 2633, 2627, 2626, 2625, 2625, 2625, 2625, 2625, 2625, 2625, 2625], ""6"": [2638, 2638, 2638, 2638, 2638, 2638, 2638, 2639, 2640, 2640, 2640, 2640, 2640, 2640, 2640, 2640, 2641, 2642, 2642, 2642, 2642, 2642, 2642, 2642, 2643, 2644, 2644, 2644, 2644, 2644, 2644, 2644, 2645, 2646, 2646, 2646, 2646, 2646, 2646, 2646, 2646, 2640, 2639, 2638, 2638, 2638, 2638, 2638, 2638, 2638, 2638], ""7"": [2638, 2638, 2638, 2638, 2638, 2638, 2638, 2639, 2640, 2640, 2640, 2640, 2640, 2640, 2640, 2640, 2641, 2642, 2642, 2642, 2642, 2642, 2642, 2642, 2643, 2644, 2644, 2644, 2644, 2644, 2644, 2644, 2645, 2646, 2646, 2646, 2646, 2646, 2646, 2646, 2646, 2640, 2639, 2638, 2638, 2638, 2638, 2638, 2638, 2638, 2638]}",{},"frame = min(count-1, floor(count*progress/duration)); duration from atomic length",Animals/tribe_09_boars/Sheets/cr_ani_body_00__deer01/j49_A007_animal_wild_boar_wait_s251.png,Animals/tribe_09_boars/Sheets/cr_ani_body_00__deer01/j49_A007_animal_wild_boar_wait_s251__shadow_mask.png,"[37, 39]","[16, 16]","[0, 1, 2, 3, 4, 5, 6, 7]",RENDERED,COMPATIBLE,[],PIXEL_CONFIRMED,Animals/tribe_09_boars/adult_job49/metadata.json,Animals/tribe_09_boars/adult_job49/index.html
9,Wild Boars,animal,49,49,adult_animal,Animal,adult,"[49, 48]",252,49,False,atomic,9,animal_bear_eat,20,[],,,0,,0,animal_wild_boar_wait,animal_wild_boar_wait,initial,0,Data\Engine2D\Bin\Bobs\CR_Ani_Body_00.bmd,Data\Engine2D\Bin\Bobs\CR_Ani_Body_00_s.bmd,,,[],deer01,,declared base palette (ordinal 0 of RNG list),[],"{""0"": [2625, 2625, 2625, 2625, 2625, 2625, 2625, 2626, 2627, 2627, 2627, 2627, 2627, 2627, 2627, 2627, 2628, 2629, 2629, 2629, 2629, 2629, 2629, 2629, 2630, 2631, 2631, 2631, 2631, 2631, 2631, 2631, 2632, 2633, 2633, 2633, 2633, 2633, 2633, 2633, 2633, 2627, 2626, 2625, 2625, 2625, 2625, 2625, 2625, 2625, 2625], ""1"": [2625, 2625, 2625, 2625, 2625, 2625, 2625, 2626, 2627, 2627, 2627, 2627, 2627, 2627, 2627, 2627, 2628, 2629, 2629, 2629, 2629, 2629, 2629, 2629, 2630, 2631, 2631, 2631, 2631, 2631, 2631, 2631, 2632, 2633, 2633, 2633, 2633, 2633, 2633, 2633, 2633, 2627, 2626, 2625, 2625, 2625, 2625, 2625, 2625, 2625, 2625], ""2"": [2612, 2612, 2612, 2612, 2612, 2612, 2612, 2613, 2614, 2614, 2614, 2614, 2614, 2614, 2614, 2614, 2615, 2616, 2616, 2616, 2616, 2616, 2616, 2616, 2617, 2618, 2618, 2618, 2618, 2618, 2618, 2618, 2619, 2620, 2620, 2620, 2620, 2620, 2620, 2620, 2620, 2614, 2613, 2612, 2612, 2612, 2612, 2612, 2612, 2612, 2612], ""3"": [2612, 2612, 2612, 2612, 2612, 2612, 2612, 2613, 2614, 2614, 2614, 2614, 2614, 2614, 2614, 2614, 2615, 2616, 2616, 2616, 2616, 2616, 2616, 2616, 2617, 2618, 2618, 2618, 2618, 2618, 2618, 2618, 2619, 2620, 2620, 2620, 2620, 2620, 2620, 2620, 2620, 2614, 2613, 2612, 2612, 2612, 2612, 2612, 2612, 2612, 2612], ""4"": [2612, 2612, 2612, 2612, 2612, 2612, 2612, 2613, 2614, 2614, 2614, 2614, 2614, 2614, 2614, 2614, 2615, 2616, 2616, 2616, 2616, 2616, 2616, 2616, 2617, 2618, 2618, 2618, 2618, 2618, 2618, 2618, 2619, 2620, 2620, 2620, 2620, 2620, 2620, 2620, 2620, 2614, 2613, 2612, 2612, 2612, 2612, 2612, 2612, 2612, 2612], ""5"": [2625, 2625, 2625, 2625, 2625, 2625, 2625, 2626, 2627, 2627, 2627, 2627, 2627, 2627, 2627, 2627, 2628, 2629, 2629, 2629, 2629, 2629, 2629, 2629, 2630, 2631, 2631, 2631, 2631, 2631, 2631, 2631, 2632, 2633, 2633, 2633, 2633, 2633, 2633, 2633, 2633, 2627, 2626, 2625, 2625, 2625, 2625, 2625, 2625, 2625, 2625], ""6"": [2638, 2638, 2638, 2638, 2638, 2638, 2638, 2639, 2640, 2640, 2640, 2640, 2640, 2640, 2640, 2640, 2641, 2642, 2642, 2642, 2642, 2642, 2642, 2642, 2643, 2644, 2644, 2644, 2644, 2644, 2644, 2644, 2645, 2646, 2646, 2646, 2646, 2646, 2646, 2646, 2646, 2640, 2639, 2638, 2638, 2638, 2638, 2638, 2638, 2638, 2638], ""7"": [2638, 2638, 2638, 2638, 2638, 2638, 2638, 2639, 2640, 2640, 2640, 2640, 2640, 2640, 2640, 2640, 2641, 2642, 2642, 2642, 2642, 2642, 2642, 2642, 2643, 2644, 2644, 2644, 2644, 2644, 2644, 2644, 2645, 2646, 2646, 2646, 2646, 2646, 2646, 2646, 2646, 2640, 2639, 2638, 2638, 2638, 2638, 2638, 2638, 2638, 2638]}",{},"frame = min(count-1, floor(count*progress/duration)); duration from atomic length",Animals/tribe_09_boars/Sheets/cr_ani_body_00__deer01/j49_A009_animal_wild_boar_wait_s252.png,Animals/tribe_09_boars/Sheets/cr_ani_body_00__deer01/j49_A009_animal_wild_boar_wait_s252__shadow_mask.png,"[37, 39]","[16, 16]","[0, 1, 2, 3, 4, 5, 6, 7]",RENDERED,COMPATIBLE,[],PIXEL_CONFIRMED,Animals/tribe_09_boars/adult_job49/metadata.json,Animals/tribe_09_boars/adult_job49/index.html
9,Wild Boars,animal,49,49,adult_animal,Animal,adult,"[49, 48]",1114,49,False,walk,,,,[],0,,,100000,0,animal_wild_boar_walk,animal_wild_boar_walk,initial,0,Data\Engine2D\Bin\Bobs\CR_Ani_Body_00.bmd,Data\Engine2D\Bin\Bobs\CR_Ani_Body_00_s.bmd,,,[],deer01,,declared base palette (ordinal 0 of RNG list),[],"{""0"": [2699, 2700, 2701, 2702, 2703, 2704, 2705, 2706, 2707, 2708, 2709, 2710], ""1"": [2711, 2712, 2713, 2714, 2715, 2716, 2717, 2718, 2719, 2720, 2721, 2722], ""2"": [2651, 2652, 2653, 2654, 2655, 2656, 2657, 2658, 2659, 2660, 2661, 2662], ""3"": [2663, 2664, 2665, 2666, 2667, 2668, 2669, 2670, 2671, 2672, 2673, 2674], ""4"": [2675, 2676, 2677, 2678, 2679, 2680, 2681, 2682, 2683, 2684, 2685, 2686], ""5"": [2687, 2688, 2689, 2690, 2691, 2692, 2693, 2694, 2695, 2696, 2697, 2698], ""6"": [2735, 2736, 2737, 2738, 2739, 2740, 2741, 2742, 2743, 2744, 2745, 2746], ""7"": [2723, 2724, 2725, 2726, 2727, 2728, 2729, 2730, 2731, 2732, 2733, 2734]}",{},frame = frameTick % count (walk; caller frame tick),Animals/tribe_09_boars/Sheets/cr_ani_body_00__deer01/j49_W000_animal_wild_boar_walk_s1114.png,Animals/tribe_09_boars/Sheets/cr_ani_body_00__deer01/j49_W000_animal_wild_boar_walk_s1114__shadow_mask.png,"[58, 42]","[33, 22]","[0, 1, 2, 3, 4, 5, 6, 7]",RENDERED,COMPATIBLE,[],PIXEL_CONFIRMED,Animals/tribe_09_boars/adult_job49/metadata.json,Animals/tribe_09_boars/adult_job49/index.html
10,Cows,animal,48,48,baby_animal,Young Animal,young,[48],273,48,False,atomic,2,animal_cattle_baby_idle,100,[],,,0,,0,animal_bull_wait,animal_bull_wait,initial,0,Data\Engine2D\Bin\Bobs\CR_Ani_Body_00.bmd,Data\Engine2D\Bin\Bobs\CR_Ani_Body_00_s.bmd,,,[],cattle01,,declared base palette (ordinal 0 of RNG list),[],"{""0"": [250, 251, 252, 253, 254, 255, 256, 256, 256, 256, 256, 256, 256, 256, 256, 256, 256, 256, 256, 256, 256, 256, 256, 256, 256, 256, 256, 256, 256, 256, 256, 256, 256, 255, 254, 253, 252, 251, 250, 250, 250, 250, 250, 250, 250, 250, 250, 250, 250, 250, 250, 250, 250, 250, 250, 250, 250, 250, 250, 250, 250, 250, 250, 250, 250, 250, 250, 250, 250, 250, 250, 250, 250, 251, 251, 252, 252, 252, 252, 252, 252, 252, 252, 252, 252, 252, 252, 252, 252, 252, 252, 251, 251, 250, 250, 250, 250, 250, 250, 250], ""1"": [250, 251, 252, 253, 254, 255, 256, 256, 256, 256, 256, 256, 256, 256, 256, 256, 256, 256, 256, 256, 256, 256, 256, 256, 256, 256, 256, 256, 256, 256, 256, 256, 256, 255, 254, 253, 252, 251, 250, 250, 250, 250, 250, 250, 250, 250, 250, 250, 250, 250, 250, 250, 250, 250, 250, 250, 250, 250, 250, 250, 250, 250, 250, 250, 250, 250, 250, 250, 250, 250, 250, 250, 250, 251, 251, 252, 252, 252, 252, 252, 252, 252, 252, 252, 252, 252, 252, 252, 252, 252, 252, 251, 251, 250, 250, 250, 250, 250, 250, 250], ""2"": [243, 244, 245, 246, 247, 248, 249, 249, 249, 249, 249, 249, 249, 249, 249, 249, 249, 249, 249, 249, 249, 249, 249, 249, 249, 249, 249, 249, 249, 249, 249, 249, 249, 248, 247, 246, 245, 244, 243, 243, 243, 243, 243, 243, 243, 243, 243, 243, 243, 243, 243, 243, 243, 243, 243, 243, 243, 243, 243, 243, 243, 243, 243, 243, 243, 243, 243, 243, 243, 243, 243, 243, 243, 244, 244, 245, 245, 245, 245, 245, 245, 245, 245, 245, 245, 245, 245, 245, 245, 245, 245, 244, 244, 243, 243, 243, 243, 243, 243, 243], ""3"": [243, 244, 245, 246, 247, 248, 249, 249, 249, 249, 249, 249, 249, 249, 249, 249, 249, 249, 249, 249, 249, 249, 249, 249, 249, 249, 249, 249, 249, 249, 249, 249, 249, 248, 247, 246, 245, 244, 243, 243, 243, 243, 243, 243, 243, 243, 243, 243, 243, 243, 243, 243, 243, 243, 243, 243, 243, 243, 243, 243, 243, 243, 243, 243, 243, 243, 243, 243, 243, 243, 243, 243, 243, 244, 244, 245, 245, 245, 245, 245, 245, 245, 245, 245, 245, 245, 245, 245, 245, 245, 245, 244, 244, 243, 243, 243, 243, 243, 243, 243], ""4"": [243, 244, 245, 246, 247, 248, 249, 249, 249, 249, 249, 249, 249, 249, 249, 249, 249, 249, 249, 249, 249, 249, 249, 249, 249, 249, 249, 249, 249, 249, 249, 249, 249, 248, 247, 246, 245, 244, 243, 243, 243, 243, 243, 243, 243, 243, 243, 243, 243, 243, 243, 243, 243, 243, 243, 243, 243, 243, 243, 243, 243, 243, 243, 243, 243, 243, 243, 243, 243, 243, 243, 243, 243, 244, 244, 245, 245, 245, 245, 245, 245, 245, 245, 245, 245, 245, 245, 245, 245, 245, 245, 244, 244, 243, 243, 243, 243, 243, 243, 243], ""5"": [250, 251, 252, 253, 254, 255, 256, 256, 256, 256, 256, 256, 256, 256, 256, 256, 256, 256, 256, 256, 256, 256, 256, 256, 256, 256, 256, 256, 256, 256, 256, 256, 256, 255, 254, 253, 252, 251, 250, 250, 250, 250, 250, 250, 250, 250, 250, 250, 250, 250, 250, 250, 250, 250, 250, 250, 250, 250, 250, 250, 250, 250, 250, 250, 250, 250, 250, 250, 250, 250, 250, 250, 250, 251, 251, 252, 252, 252, 252, 252, 252, 252, 252, 252, 252, 252, 252, 252, 252, 252, 252, 251, 251, 250, 250, 250, 250, 250, 250, 250], ""6"": [257, 258, 259, 260, 261, 262, 263, 263, 263, 263, 263, 263, 263, 263, 263, 263, 263, 263, 263, 263, 263, 263, 263, 263, 263, 263, 263, 263, 263, 263, 263, 263, 263, 262, 261, 260, 259, 258, 257, 257, 257, 257, 257, 257, 257, 257, 257, 257, 257, 257, 257, 257, 257, 257, 257, 257, 257, 257, 257, 257, 257, 257, 257, 257, 257, 257, 257, 257, 257, 257, 257, 257, 257, 258, 258, 259, 259, 259, 259, 259, 259, 259, 259, 259, 259, 259, 259, 259, 259, 259, 259, 258, 258, 257, 257, 257, 257, 257, 257, 257], ""7"": [257, 258, 259, 260, 261, 262, 263, 263, 263, 263, 263, 263, 263, 263, 263, 263, 263, 263, 263, 263, 263, 263, 263, 263, 263, 263, 263, 263, 263, 263, 263, 263, 263, 262, 261, 260, 259, 258, 257, 257, 257, 257, 257, 257, 257, 257, 257, 257, 257, 257, 257, 257, 257, 257, 257, 257, 257, 257, 257, 257, 257, 257, 257, 257, 257, 257, 257, 257, 257, 257, 257, 257, 257, 258, 258, 259, 259, 259, 259, 259, 259, 259, 259, 259, 259, 259, 259, 259, 259, 259, 259, 258, 258, 257, 257, 257, 257, 257, 257, 257]}",{},"frame = min(count-1, floor(count*progress/duration)); duration from atomic length",Animals/tribe_10_cattle/Sheets/cr_ani_body_00__cattle01/j48_A002_animal_bull_wait_s273.png,Animals/tribe_10_cattle/Sheets/cr_ani_body_00__cattle01/j48_A002_animal_bull_wait_s273__shadow_mask.png,"[80, 68]","[45, 34]","[0, 1, 2, 3, 4, 5, 6, 7]",RENDERED,COMPATIBLE,[],PIXEL_CONFIRMED,Animals/tribe_10_cattle/young_job48/metadata.json,Animals/tribe_10_cattle/young_job48/index.html
10,Cows,animal,48,48,baby_animal,Young Animal,young,[48],272,48,False,atomic,3,animal_cattle_baby_idle,100,[],,,0,,0,animal_bull_wait,animal_bull_wait,initial,0,Data\Engine2D\Bin\Bobs\CR_Ani_Body_00.bmd,Data\Engine2D\Bin\Bobs\CR_Ani_Body_00_s.bmd,,,[],cattle01,,declared base palette (ordinal 0 of RNG list),[],"{""0"": [250, 251, 252, 253, 254, 255, 256, 256, 256, 256, 256, 256, 256, 256, 256, 256, 256, 256, 256, 256, 256, 256, 256, 256, 256, 256, 256, 256, 256, 256, 256, 256, 256, 255, 254, 253, 252, 251, 250, 250, 250, 250, 250, 250, 250, 250, 250, 250, 250, 250, 250, 250, 250, 250, 250, 250, 250, 250, 250, 250, 250, 250, 250, 250, 250, 250, 250, 250, 250, 250, 250, 250, 250, 251, 251, 252, 252, 252, 252, 252, 252, 252, 252, 252, 252, 252, 252, 252, 252, 252, 252, 251, 251, 250, 250, 250, 250, 250, 250, 250], ""1"": [250, 251, 252, 253, 254, 255, 256, 256, 256, 256, 256, 256, 256, 256, 256, 256, 256, 256, 256, 256, 256, 256, 256, 256, 256, 256, 256, 256, 256, 256, 256, 256, 256, 255, 254, 253, 252, 251, 250, 250, 250, 250, 250, 250, 250, 250, 250, 250, 250, 250, 250, 250, 250, 250, 250, 250, 250, 250, 250, 250, 250, 250, 250, 250, 250, 250, 250, 250, 250, 250, 250, 250, 250, 251, 251, 252, 252, 252, 252, 252, 252, 252, 252, 252, 252, 252, 252, 252, 252, 252, 252, 251, 251, 250, 250, 250, 250, 250, 250, 250], ""2"": [243, 244, 245, 246, 247, 248, 249, 249, 249, 249, 249, 249, 249, 249, 249, 249, 249, 249, 249, 249, 249, 249, 249, 249, 249, 249, 249, 249, 249, 249, 249, 249, 249, 248, 247, 246, 245, 244, 243, 243, 243, 243, 243, 243, 243, 243, 243, 243, 243, 243, 243, 243, 243, 243, 243, 243, 243, 243, 243, 243, 243, 243, 243, 243, 243, 243, 243, 243, 243, 243, 243, 243, 243, 244, 244, 245, 245, 245, 245, 245, 245, 245, 245, 245, 245, 245, 245, 245, 245, 245, 245, 244, 244, 243, 243, 243, 243, 243, 243, 243], ""3"": [243, 244, 245, 246, 247, 248, 249, 249, 249, 249, 249, 249, 249, 249, 249, 249, 249, 249, 249, 249, 249, 249, 249, 249, 249, 249, 249, 249, 249, 249, 249, 249, 249, 248, 247, 246, 245, 244, 243, 243, 243, 243, 243, 243, 243, 243, 243, 243, 243, 243, 243, 243, 243, 243, 243, 243, 243, 243, 243, 243, 243, 243, 243, 243, 243, 243, 243, 243, 243, 243, 243, 243, 243, 244, 244, 245, 245, 245, 245, 245, 245, 245, 245, 245, 245, 245, 245, 245, 245, 245, 245, 244, 244, 243, 243, 243, 243, 243, 243, 243], ""4"": [243, 244, 245, 246, 247, 248, 249, 249, 249, 249, 249, 249, 249, 249, 249, 249, 249, 249, 249, 249, 249, 249, 249, 249, 249, 249, 249, 249, 249, 249, 249, 249, 249, 248, 247, 246, 245, 244, 243, 243, 243, 243, 243, 243, 243, 243, 243, 243, 243, 243, 243, 243, 243, 243, 243, 243, 243, 243, 243, 243, 243, 243, 243, 243, 243, 243, 243, 243, 243, 243, 243, 243, 243, 244, 244, 245, 245, 245, 245, 245, 245, 245, 245, 245, 245, 245, 245, 245, 245, 245, 245, 244, 244, 243, 243, 243, 243, 243, 243, 243], ""5"": [250, 251, 252, 253, 254, 255, 256, 256, 256, 256, 256, 256, 256, 256, 256, 256, 256, 256, 256, 256, 256, 256, 256, 256, 256, 256, 256, 256, 256, 256, 256, 256, 256, 255, 254, 253, 252, 251, 250, 250, 250, 250, 250, 250, 250, 250, 250, 250, 250, 250, 250, 250, 250, 250, 250, 250, 250, 250, 250, 250, 250, 250, 250, 250, 250, 250, 250, 250, 250, 250, 250, 250, 250, 251, 251, 252, 252, 252, 252, 252, 252, 252, 252, 252, 252, 252, 252, 252, 252, 252, 252, 251, 251, 250, 250, 250, 250, 250, 250, 250], ""6"": [257, 258, 259, 260, 261, 262, 263, 263, 263, 263, 263, 263, 263, 263, 263, 263, 263, 263, 263, 263, 263, 263, 263, 263, 263, 263, 263, 263, 263, 263, 263, 263, 263, 262, 261, 260, 259, 258, 257, 257, 257, 257, 257, 257, 257, 257, 257, 257, 257, 257, 257, 257, 257, 257, 257, 257, 257, 257, 257, 257, 257, 257, 257, 257, 257, 257, 257, 257, 257, 257, 257, 257, 257, 258, 258, 259, 259, 259, 259, 259, 259, 259, 259, 259, 259, 259, 259, 259, 259, 259, 259, 258, 258, 257, 257, 257, 257, 257, 257, 257], ""7"": [257, 258, 259, 260, 261, 262, 263, 263, 263, 263, 263, 263, 263, 263, 263, 263, 263, 263, 263, 263, 263, 263, 263, 263, 263, 263, 263, 263, 263, 263, 263, 263, 263, 262, 261, 260, 259, 258, 257, 257, 257, 257, 257, 257, 257, 257, 257, 257, 257, 257, 257, 257, 257, 257, 257, 257, 257, 257, 257, 257, 257, 257, 257, 257, 257, 257, 257, 257, 257, 257, 257, 257, 257, 258, 258, 259, 259, 259, 259, 259, 259, 259, 259, 259, 259, 259, 259, 259, 259, 259, 259, 258, 258, 257, 257, 257, 257, 257, 257, 257]}",{},"frame = min(count-1, floor(count*progress/duration)); duration from atomic length",Animals/tribe_10_cattle/Sheets/cr_ani_body_00__cattle01/j48_A003_animal_bull_wait_s272.png,Animals/tribe_10_cattle/Sheets/cr_ani_body_00__cattle01/j48_A003_animal_bull_wait_s272__shadow_mask.png,"[80, 68]","[45, 34]","[0, 1, 2, 3, 4, 5, 6, 7]",RENDERED,COMPATIBLE,[],PIXEL_CONFIRMED,Animals/tribe_10_cattle/young_job48/metadata.json,Animals/tribe_10_cattle/young_job48/index.html
10,Cows,animal,48,48,baby_animal,Young Animal,young,[48],271,48,False,atomic,4,animal_cattle_baby_idle,100,[],,,0,,0,animal_bull_wait,animal_bull_wait,initial,0,Data\Engine2D\Bin\Bobs\CR_Ani_Body_00.bmd,Data\Engine2D\Bin\Bobs\CR_Ani_Body_00_s.bmd,,,[],cattle01,,declared base palette (ordinal 0 of RNG list),[],"{""0"": [250, 251, 252, 253, 254, 255, 256, 256, 256, 256, 256, 256, 256, 256, 256, 256, 256, 256, 256, 256, 256, 256, 256, 256, 256, 256, 256, 256, 256, 256, 256, 256, 256, 255, 254, 253, 252, 251, 250, 250, 250, 250, 250, 250, 250, 250, 250, 250, 250, 250, 250, 250, 250, 250, 250, 250, 250, 250, 250, 250, 250, 250, 250, 250, 250, 250, 250, 250, 250, 250, 250, 250, 250, 251, 251, 252, 252, 252, 252, 252, 252, 252, 252, 252, 252, 252, 252, 252, 252, 252, 252, 251, 251, 250, 250, 250, 250, 250, 250, 250], ""1"": [250, 251, 252, 253, 254, 255, 256, 256, 256, 256, 256, 256, 256, 256, 256, 256, 256, 256, 256, 256, 256, 256, 256, 256, 256, 256, 256, 256, 256, 256, 256, 256, 256, 255, 254, 253, 252, 251, 250, 250, 250, 250, 250, 250, 250, 250, 250, 250, 250, 250, 250, 250, 250, 250, 250, 250, 250, 250, 250, 250, 250, 250, 250, 250, 250, 250, 250, 250, 250, 250, 250, 250, 250, 251, 251, 252, 252, 252, 252, 252, 252, 252, 252, 252, 252, 252, 252, 252, 252, 252, 252, 251, 251, 250, 250, 250, 250, 250, 250, 250], ""2"": [243, 244, 245, 246, 247, 248, 249, 249, 249, 249, 249, 249, 249, 249, 249, 249, 249, 249, 249, 249, 249, 249, 249, 249, 249, 249, 249, 249, 249, 249, 249, 249, 249, 248, 247, 246, 245, 244, 243, 243, 243, 243, 243, 243, 243, 243, 243, 243, 243, 243, 243, 243, 243, 243, 243, 243, 243, 243, 243, 243, 243, 243, 243, 243, 243, 243, 243, 243, 243, 243, 243, 243, 243, 244, 244, 245, 245, 245, 245, 245, 245, 245, 245, 245, 245, 245, 245, 245, 245, 245, 245, 244, 244, 243, 243, 243, 243, 243, 243, 243], ""3"": [243, 244, 245, 246, 247, 248, 249, 249, 249, 249, 249, 249, 249, 249, 249, 249, 249, 249, 249, 249, 249, 249, 249, 249, 249, 249, 249, 249, 249, 249, 249, 249, 249, 248, 247, 246, 245, 244, 243, 243, 243, 243, 243, 243, 243, 243, 243, 243, 243, 243, 243, 243, 243, 243, 243, 243, 243, 243, 243, 243, 243, 243, 243, 243, 243, 243, 243, 243, 243, 243, 243, 243, 243, 244, 244, 245, 245, 245, 245, 245, 245, 245, 245, 245, 245, 245, 245, 245, 245, 245, 245, 244, 244, 243, 243, 243, 243, 243, 243, 243], ""4"": [243, 244, 245, 246, 247, 248, 249, 249, 249, 249, 249, 249, 249, 249, 249, 249, 249, 249, 249, 249, 249, 249, 249, 249, 249, 249, 249, 249, 249, 249, 249, 249, 249, 248, 247, 246, 245, 244, 243, 243, 243, 243, 243, 243, 243, 243, 243, 243, 243, 243, 243, 243, 243, 243, 243, 243, 243, 243, 243, 243, 243, 243, 243, 243, 243, 243, 243, 243, 243, 243, 243, 243, 243, 244, 244, 245, 245, 245, 245, 245, 245, 245, 245, 245, 245, 245, 245, 245, 245, 245, 245, 244, 244, 243, 243, 243, 243, 243, 243, 243], ""5"": [250, 251, 252, 253, 254, 255, 256, 256, 256, 256, 256, 256, 256, 256, 256, 256, 256, 256, 256, 256, 256, 256, 256, 256, 256, 256, 256, 256, 256, 256, 256, 256, 256, 255, 254, 253, 252, 251, 250, 250, 250, 250, 250, 250, 250, 250, 250, 250, 250, 250, 250, 250, 250, 250, 250, 250, 250, 250, 250, 250, 250, 250, 250, 250, 250, 250, 250, 250, 250, 250, 250, 250, 250, 251, 251, 252, 252, 252, 252, 252, 252, 252, 252, 252, 252, 252, 252, 252, 252, 252, 252, 251, 251, 250, 250, 250, 250, 250, 250, 250], ""6"": [257, 258, 259, 260, 261, 262, 263, 263, 263, 263, 263, 263, 263, 263, 263, 263, 263, 263, 263, 263, 263, 263, 263, 263, 263, 263, 263, 263, 263, 263, 263, 263, 263, 262, 261, 260, 259, 258, 257, 257, 257, 257, 257, 257, 257, 257, 257, 257, 257, 257, 257, 257, 257, 257, 257, 257, 257, 257, 257, 257, 257, 257, 257, 257, 257, 257, 257, 257, 257, 257, 257, 257, 257, 258, 258, 259, 259, 259, 259, 259, 259, 259, 259, 259, 259, 259, 259, 259, 259, 259, 259, 258, 258, 257, 257, 257, 257, 257, 257, 257], ""7"": [257, 258, 259, 260, 261, 262, 263, 263, 263, 263, 263, 263, 263, 263, 263, 263, 263, 263, 263, 263, 263, 263, 263, 263, 263, 263, 263, 263, 263, 263, 263, 263, 263, 262, 261, 260, 259, 258, 257, 257, 257, 257, 257, 257, 257, 257, 257, 257, 257, 257, 257, 257, 257, 257, 257, 257, 257, 257, 257, 257, 257, 257, 257, 257, 257, 257, 257, 257, 257, 257, 257, 257, 257, 258, 258, 259, 259, 259, 259, 259, 259, 259, 259, 259, 259, 259, 259, 259, 259, 259, 259, 258, 258, 257, 257, 257, 257, 257, 257, 257]}",{},"frame = min(count-1, floor(count*progress/duration)); duration from atomic length",Animals/tribe_10_cattle/Sheets/cr_ani_body_00__cattle01/j48_A004_animal_bull_wait_s271.png,Animals/tribe_10_cattle/Sheets/cr_ani_body_00__cattle01/j48_A004_animal_bull_wait_s271__shadow_mask.png,"[80, 68]","[45, 34]","[0, 1, 2, 3, 4, 5, 6, 7]",RENDERED,COMPATIBLE,[],PIXEL_CONFIRMED,Animals/tribe_10_cattle/young_job48/metadata.json,Animals/tribe_10_cattle/young_job48/index.html
10,Cows,animal,48,48,baby_animal,Young Animal,young,[48],270,48,False,atomic,5,animal_cattle_baby_idle,100,[],,,0,,0,animal_bull_wait,animal_bull_wait,initial,0,Data\Engine2D\Bin\Bobs\CR_Ani_Body_00.bmd,Data\Engine2D\Bin\Bobs\CR_Ani_Body_00_s.bmd,,,[],cattle01,,declared base palette (ordinal 0 of RNG list),[],"{""0"": [250, 251, 252, 253, 254, 255, 256, 256, 256, 256, 256, 256, 256, 256, 256, 256, 256, 256, 256, 256, 256, 256, 256, 256, 256, 256, 256, 256, 256, 256, 256, 256, 256, 255, 254, 253, 252, 251, 250, 250, 250, 250, 250, 250, 250, 250, 250, 250, 250, 250, 250, 250, 250, 250, 250, 250, 250, 250, 250, 250, 250, 250, 250, 250, 250, 250, 250, 250, 250, 250, 250, 250, 250, 251, 251, 252, 252, 252, 252, 252, 252, 252, 252, 252, 252, 252, 252, 252, 252, 252, 252, 251, 251, 250, 250, 250, 250, 250, 250, 250], ""1"": [250, 251, 252, 253, 254, 255, 256, 256, 256, 256, 256, 256, 256, 256, 256, 256, 256, 256, 256, 256, 256, 256, 256, 256, 256, 256, 256, 256, 256, 256, 256, 256, 256, 255, 254, 253, 252, 251, 250, 250, 250, 250, 250, 250, 250, 250, 250, 250, 250, 250, 250, 250, 250, 250, 250, 250, 250, 250, 250, 250, 250, 250, 250, 250, 250, 250, 250, 250, 250, 250, 250, 250, 250, 251, 251, 252, 252, 252, 252, 252, 252, 252, 252, 252, 252, 252, 252, 252, 252, 252, 252, 251, 251, 250, 250, 250, 250, 250, 250, 250], ""2"": [243, 244, 245, 246, 247, 248, 249, 249, 249, 249, 249, 249, 249, 249, 249, 249, 249, 249, 249, 249, 249, 249, 249, 249, 249, 249, 249, 249, 249, 249, 249, 249, 249, 248, 247, 246, 245, 244, 243, 243, 243, 243, 243, 243, 243, 243, 243, 243, 243, 243, 243, 243, 243, 243, 243, 243, 243, 243, 243, 243, 243, 243, 243, 243, 243, 243, 243, 243, 243, 243, 243, 243, 243, 244, 244, 245, 245, 245, 245, 245, 245, 245, 245, 245, 245, 245, 245, 245, 245, 245, 245, 244, 244, 243, 243, 243, 243, 243, 243, 243], ""3"": [243, 244, 245, 246, 247, 248, 249, 249, 249, 249, 249, 249, 249, 249, 249, 249, 249, 249, 249, 249, 249, 249, 249, 249, 249, 249, 249, 249, 249, 249, 249, 249, 249, 248, 247, 246, 245, 244, 243, 243, 243, 243, 243, 243, 243, 243, 243, 243, 243, 243, 243, 243, 243, 243, 243, 243, 243, 243, 243, 243, 243, 243, 243, 243, 243, 243, 243, 243, 243, 243, 243, 243, 243, 244, 244, 245, 245, 245, 245, 245, 245, 245, 245, 245, 245, 245, 245, 245, 245, 245, 245, 244, 244, 243, 243, 243, 243, 243, 243, 243], ""4"": [243, 244, 245, 246, 247, 248, 249, 249, 249, 249, 249, 249, 249, 249, 249, 249, 249, 249, 249, 249, 249, 249, 249, 249, 249, 249, 249, 249, 249, 249, 249, 249, 249, 248, 247, 246, 245, 244, 243, 243, 243, 243, 243, 243, 243, 243, 243, 243, 243, 243, 243, 243, 243, 243, 243, 243, 243, 243, 243, 243, 243, 243, 243, 243, 243, 243, 243, 243, 243, 243, 243, 243, 243, 244, 244, 245, 245, 245, 245, 245, 245, 245, 245, 245, 245, 245, 245, 245, 245, 245, 245, 244, 244, 243, 243, 243, 243, 243, 243, 243], ""5"": [250, 251, 252, 253, 254, 255, 256, 256, 256, 256, 256, 256, 256, 256, 256, 256, 256, 256, 256, 256, 256, 256, 256, 256, 256, 256, 256, 256, 256, 256, 256, 256, 256, 255, 254, 253, 252, 251, 250, 250, 250, 250, 250, 250, 250, 250, 250, 250, 250, 250, 250, 250, 250, 250, 250, 250, 250, 250, 250, 250, 250, 250, 250, 250, 250, 250, 250, 250, 250, 250, 250, 250, 250, 251, 251, 252, 252, 252, 252, 252, 252, 252, 252, 252, 252, 252, 252, 252, 252, 252, 252, 251, 251, 250, 250, 250, 250, 250, 250, 250], ""6"": [257, 258, 259, 260, 261, 262, 263, 263, 263, 263, 263, 263, 263, 263, 263, 263, 263, 263, 263, 263, 263, 263, 263, 263, 263, 263, 263, 263, 263, 263, 263, 263, 263, 262, 261, 260, 259, 258, 257, 257, 257, 257, 257, 257, 257, 257, 257, 257, 257, 257, 257, 257, 257, 257, 257, 257, 257, 257, 257, 257, 257, 257, 257, 257, 257, 257, 257, 257, 257, 257, 257, 257, 257, 258, 258, 259, 259, 259, 259, 259, 259, 259, 259, 259, 259, 259, 259, 259, 259, 259, 259, 258, 258, 257, 257, 257, 257, 257, 257, 257], ""7"": [257, 258, 259, 260, 261, 262, 263, 263, 263, 263, 263, 263, 263, 263, 263, 263, 263, 263, 263, 263, 263, 263, 263, 263, 263, 263, 263, 263, 263, 263, 263, 263, 263, 262, 261, 260, 259, 258, 257, 257, 257, 257, 257, 257, 257, 257, 257, 257, 257, 257, 257, 257, 257, 257, 257, 257, 257, 257, 257, 257, 257, 257, 257, 257, 257, 257, 257, 257, 257, 257, 257, 257, 257, 258, 258, 259, 259, 259, 259, 259, 259, 259, 259, 259, 259, 259, 259, 259, 259, 259, 259, 258, 258, 257, 257, 257, 257, 257, 257, 257]}",{},"frame = min(count-1, floor(count*progress/duration)); duration from atomic length",Animals/tribe_10_cattle/Sheets/cr_ani_body_00__cattle01/j48_A005_animal_bull_wait_s270.png,Animals/tribe_10_cattle/Sheets/cr_ani_body_00__cattle01/j48_A005_animal_bull_wait_s270__shadow_mask.png,"[80, 68]","[45, 34]","[0, 1, 2, 3, 4, 5, 6, 7]",RENDERED,COMPATIBLE,[],PIXEL_CONFIRMED,Animals/tribe_10_cattle/young_job48/metadata.json,Animals/tribe_10_cattle/young_job48/index.html
10,Cows,animal,48,48,baby_animal,Young Animal,young,[48],268,48,False,atomic,6,animal_cattle_baby_idle,100,[],,,0,,0,animal_bull_wait,animal_bull_wait,initial,0,Data\Engine2D\Bin\Bobs\CR_Ani_Body_00.bmd,Data\Engine2D\Bin\Bobs\CR_Ani_Body_00_s.bmd,,,[],cattle01,,declared base palette (ordinal 0 of RNG list),[],"{""0"": [250, 251, 252, 253, 254, 255, 256, 256, 256, 256, 256, 256, 256, 256, 256, 256, 256, 256, 256, 256, 256, 256, 256, 256, 256, 256, 256, 256, 256, 256, 256, 256, 256, 255, 254, 253, 252, 251, 250, 250, 250, 250, 250, 250, 250, 250, 250, 250, 250, 250, 250, 250, 250, 250, 250, 250, 250, 250, 250, 250, 250, 250, 250, 250, 250, 250, 250, 250, 250, 250, 250, 250, 250, 251, 251, 252, 252, 252, 252, 252, 252, 252, 252, 252, 252, 252, 252, 252, 252, 252, 252, 251, 251, 250, 250, 250, 250, 250, 250, 250], ""1"": [250, 251, 252, 253, 254, 255, 256, 256, 256, 256, 256, 256, 256, 256, 256, 256, 256, 256, 256, 256, 256, 256, 256, 256, 256, 256, 256, 256, 256, 256, 256, 256, 256, 255, 254, 253, 252, 251, 250, 250, 250, 250, 250, 250, 250, 250, 250, 250, 250, 250, 250, 250, 250, 250, 250, 250, 250, 250, 250, 250, 250, 250, 250, 250, 250, 250, 250, 250, 250, 250, 250, 250, 250, 251, 251, 252, 252, 252, 252, 252, 252, 252, 252, 252, 252, 252, 252, 252, 252, 252, 252, 251, 251, 250, 250, 250, 250, 250, 250, 250], ""2"": [243, 244, 245, 246, 247, 248, 249, 249, 249, 249, 249, 249, 249, 249, 249, 249, 249, 249, 249, 249, 249, 249, 249, 249, 249, 249, 249, 249, 249, 249, 249, 249, 249, 248, 247, 246, 245, 244, 243, 243, 243, 243, 243, 243, 243, 243, 243, 243, 243, 243, 243, 243, 243, 243, 243, 243, 243, 243, 243, 243, 243, 243, 243, 243, 243, 243, 243, 243, 243, 243, 243, 243, 243, 244, 244, 245, 245, 245, 245, 245, 245, 245, 245, 245, 245, 245, 245, 245, 245, 245, 245, 244, 244, 243, 243, 243, 243, 243, 243, 243], ""3"": [243, 244, 245, 246, 247, 248, 249, 249, 249, 249, 249, 249, 249, 249, 249, 249, 249, 249, 249, 249, 249, 249, 249, 249, 249, 249, 249, 249, 249, 249, 249, 249, 249, 248, 247, 246, 245, 244, 243, 243, 243, 243, 243, 243, 243, 243, 243, 243, 243, 243, 243, 243, 243, 243, 243, 243, 243, 243, 243, 243, 243, 243, 243, 243, 243, 243, 243, 243, 243, 243, 243, 243, 243, 244, 244, 245, 245, 245, 245, 245, 245, 245, 245, 245, 245, 245, 245, 245, 245, 245, 245, 244, 244, 243, 243, 243, 243, 243, 243, 243], ""4"": [243, 244, 245, 246, 247, 248, 249, 249, 249, 249, 249, 249, 249, 249, 249, 249, 249, 249, 249, 249, 249, 249, 249, 249, 249, 249, 249, 249, 249, 249, 249, 249, 249, 248, 247, 246, 245, 244, 243, 243, 243, 243, 243, 243, 243, 243, 243, 243, 243, 243, 243, 243, 243, 243, 243, 243, 243, 243, 243, 243, 243, 243, 243, 243, 243, 243, 243, 243, 243, 243, 243, 243, 243, 244, 244, 245, 245, 245, 245, 245, 245, 245, 245, 245, 245, 245, 245, 245, 245, 245, 245, 244, 244, 243, 243, 243, 243, 243, 243, 243], ""5"": [250, 251, 252, 253, 254, 255, 256, 256, 256, 256, 256, 256, 256, 256, 256, 256, 256, 256, 256, 256, 256, 256, 256, 256, 256, 256, 256, 256, 256, 256, 256, 256, 256, 255, 254, 253, 252, 251, 250, 250, 250, 250, 250, 250, 250, 250, 250, 250, 250, 250, 250, 250, 250, 250, 250, 250, 250, 250, 250, 250, 250, 250, 250, 250, 250, 250, 250, 250, 250, 250, 250, 250, 250, 251, 251, 252, 252, 252, 252, 252, 252, 252, 252, 252, 252, 252, 252, 252, 252, 252, 252, 251, 251, 250, 250, 250, 250, 250, 250, 250], ""6"": [257, 258, 259, 260, 261, 262, 263, 263, 263, 263, 263, 263, 263, 263, 263, 263, 263, 263, 263, 263, 263, 263, 263, 263, 263, 263, 263, 263, 263, 263, 263, 263, 263, 262, 261, 260, 259, 258, 257, 257, 257, 257, 257, 257, 257, 257, 257, 257, 257, 257, 257, 257, 257, 257, 257, 257, 257, 257, 257, 257, 257, 257, 257, 257, 257, 257, 257, 257, 257, 257, 257, 257, 257, 258, 258, 259, 259, 259, 259, 259, 259, 259, 259, 259, 259, 259, 259, 259, 259, 259, 259, 258, 258, 257, 257, 257, 257, 257, 257, 257], ""7"": [257, 258, 259, 260, 261, 262, 263, 263, 263, 263, 263, 263, 263, 263, 263, 263, 263, 263, 263, 263, 263, 263, 263, 263, 263, 263, 263, 263, 263, 263, 263, 263, 263, 262, 261, 260, 259, 258, 257, 257, 257, 257, 257, 257, 257, 257, 257, 257, 257, 257, 257, 257, 257, 257, 257, 257, 257, 257, 257, 257, 257, 257, 257, 257, 257, 257, 257, 257, 257, 257, 257, 257, 257, 258, 258, 259, 259, 259, 259, 259, 259, 259, 259, 259, 259, 259, 259, 259, 259, 259, 259, 258, 258, 257, 257, 257, 257, 257, 257, 257]}",{},"frame = min(count-1, floor(count*progress/duration)); duration from atomic length",Animals/tribe_10_cattle/Sheets/cr_ani_body_00__cattle01/j48_A006_animal_bull_wait_s268.png,Animals/tribe_10_cattle/Sheets/cr_ani_body_00__cattle01/j48_A006_animal_bull_wait_s268__shadow_mask.png,"[80, 68]","[45, 34]","[0, 1, 2, 3, 4, 5, 6, 7]",RENDERED,COMPATIBLE,[],PIXEL_CONFIRMED,Animals/tribe_10_cattle/young_job48/metadata.json,Animals/tribe_10_cattle/young_job48/index.html
10,Cows,animal,48,48,baby_animal,Young Animal,young,[48],269,48,False,atomic,7,animal_cattle_baby_idle,100,[],,,0,,0,animal_bull_wait,animal_bull_wait,initial,0,Data\Engine2D\Bin\Bobs\CR_Ani_Body_00.bmd,Data\Engine2D\Bin\Bobs\CR_Ani_Body_00_s.bmd,,,[],cattle01,,declared base palette (ordinal 0 of RNG list),[],"{""0"": [250, 251, 252, 253, 254, 255, 256, 256, 256, 256, 256, 256, 256, 256, 256, 256, 256, 256, 256, 256, 256, 256, 256, 256, 256, 256, 256, 256, 256, 256, 256, 256, 256, 255, 254, 253, 252, 251, 250, 250, 250, 250, 250, 250, 250, 250, 250, 250, 250, 250, 250, 250, 250, 250, 250, 250, 250, 250, 250, 250, 250, 250, 250, 250, 250, 250, 250, 250, 250, 250, 250, 250, 250, 251, 251, 252, 252, 252, 252, 252, 252, 252, 252, 252, 252, 252, 252, 252, 252, 252, 252, 251, 251, 250, 250, 250, 250, 250, 250, 250], ""1"": [250, 251, 252, 253, 254, 255, 256, 256, 256, 256, 256, 256, 256, 256, 256, 256, 256, 256, 256, 256, 256, 256, 256, 256, 256, 256, 256, 256, 256, 256, 256, 256, 256, 255, 254, 253, 252, 251, 250, 250, 250, 250, 250, 250, 250, 250, 250, 250, 250, 250, 250, 250, 250, 250, 250, 250, 250, 250, 250, 250, 250, 250, 250, 250, 250, 250, 250, 250, 250, 250, 250, 250, 250, 251, 251, 252, 252, 252, 252, 252, 252, 252, 252, 252, 252, 252, 252, 252, 252, 252, 252, 251, 251, 250, 250, 250, 250, 250, 250, 250], ""2"": [243, 244, 245, 246, 247, 248, 249, 249, 249, 249, 249, 249, 249, 249, 249, 249, 249, 249, 249, 249, 249, 249, 249, 249, 249, 249, 249, 249, 249, 249, 249, 249, 249, 248, 247, 246, 245, 244, 243, 243, 243, 243, 243, 243, 243, 243, 243, 243, 243, 243, 243, 243, 243, 243, 243, 243, 243, 243, 243, 243, 243, 243, 243, 243, 243, 243, 243, 243, 243, 243, 243, 243, 243, 244, 244, 245, 245, 245, 245, 245, 245, 245, 245, 245, 245, 245, 245, 245, 245, 245, 245, 244, 244, 243, 243, 243, 243, 243, 243, 243], ""3"": [243, 244, 245, 246, 247, 248, 249, 249, 249, 249, 249, 249, 249, 249, 249, 249, 249, 249, 249, 249, 249, 249, 249, 249, 249, 249, 249, 249, 249, 249, 249, 249, 249, 248, 247, 246, 245, 244, 243, 243, 243, 243, 243, 243, 243, 243, 243, 243, 243, 243, 243, 243, 243, 243, 243, 243, 243, 243, 243, 243, 243, 243, 243, 243, 243, 243, 243, 243, 243, 243, 243, 243, 243, 244, 244, 245, 245, 245, 245, 245, 245, 245, 245, 245, 245, 245, 245, 245, 245, 245, 245, 244, 244, 243, 243, 243, 243, 243, 243, 243], ""4"": [243, 244, 245, 246, 247, 248, 249, 249, 249, 249, 249, 249, 249, 249, 249, 249, 249, 249, 249, 249, 249, 249, 249, 249, 249, 249, 249, 249, 249, 249, 249, 249, 249, 248, 247, 246, 245, 244, 243, 243, 243, 243, 243, 243, 243, 243, 243, 243, 243, 243, 243, 243, 243, 243, 243, 243, 243, 243, 243, 243, 243, 243, 243, 243, 243, 243, 243, 243, 243, 243, 243, 243, 243, 244, 244, 245, 245, 245, 245, 245, 245, 245, 245, 245, 245, 245, 245, 245, 245, 245, 245, 244, 244, 243, 243, 243, 243, 243, 243, 243], ""5"": [250, 251, 252, 253, 254, 255, 256, 256, 256, 256, 256, 256, 256, 256, 256, 256, 256, 256, 256, 256, 256, 256, 256, 256, 256, 256, 256, 256, 256, 256, 256, 256, 256, 255, 254, 253, 252, 251, 250, 250, 250, 250, 250, 250, 250, 250, 250, 250, 250, 250, 250, 250, 250, 250, 250, 250, 250, 250, 250, 250, 250, 250, 250, 250, 250, 250, 250, 250, 250, 250, 250, 250, 250, 251, 251, 252, 252, 252, 252, 252, 252, 252, 252, 252, 252, 252, 252, 252, 252, 252, 252, 251, 251, 250, 250, 250, 250, 250, 250, 250], ""6"": [257, 258, 259, 260, 261, 262, 263, 263, 263, 263, 263, 263, 263, 263, 263, 263, 263, 263, 263, 263, 263, 263, 263, 263, 263, 263, 263, 263, 263, 263, 263, 263, 263, 262, 261, 260, 259, 258, 257, 257, 257, 257, 257, 257, 257, 257, 257, 257, 257, 257, 257, 257, 257, 257, 257, 257, 257, 257, 257, 257, 257, 257, 257, 257, 257, 257, 257, 257, 257, 257, 257, 257, 257, 258, 258, 259, 259, 259, 259, 259, 259, 259, 259, 259, 259, 259, 259, 259, 259, 259, 259, 258, 258, 257, 257, 257, 257, 257, 257, 257], ""7"": [257, 258, 259, 260, 261, 262, 263, 263, 263, 263, 263, 263, 263, 263, 263, 263, 263, 263, 263, 263, 263, 263, 263, 263, 263, 263, 263, 263, 263, 263, 263, 263, 263, 262, 261, 260, 259, 258, 257, 257, 257, 257, 257, 257, 257, 257, 257, 257, 257, 257, 257, 257, 257, 257, 257, 257, 257, 257, 257, 257, 257, 257, 257, 257, 257, 257, 257, 257, 257, 257, 257, 257, 257, 258, 258, 259, 259, 259, 259, 259, 259, 259, 259, 259, 259, 259, 259, 259, 259, 259, 259, 258, 258, 257, 257, 257, 257, 257, 257, 257]}",{},"frame = min(count-1, floor(count*progress/duration)); duration from atomic length",Animals/tribe_10_cattle/Sheets/cr_ani_body_00__cattle01/j48_A007_animal_bull_wait_s269.png,Animals/tribe_10_cattle/Sheets/cr_ani_body_00__cattle01/j48_A007_animal_bull_wait_s269__shadow_mask.png,"[80, 68]","[45, 34]","[0, 1, 2, 3, 4, 5, 6, 7]",RENDERED,COMPATIBLE,[],PIXEL_CONFIRMED,Animals/tribe_10_cattle/young_job48/metadata.json,Animals/tribe_10_cattle/young_job48/index.html
10,Cows,animal,48,48,baby_animal,Young Animal,young,[48],274,48,False,atomic,9,animal_bear_eat,20,[],,,0,,0,animal_bull_wait,animal_bull_wait,initial,0,Data\Engine2D\Bin\Bobs\CR_Ani_Body_00.bmd,Data\Engine2D\Bin\Bobs\CR_Ani_Body_00_s.bmd,,,[],cattle01,,declared base palette (ordinal 0 of RNG list),[],"{""0"": [250, 251, 252, 253, 254, 255, 256, 256, 256, 256, 256, 256, 256, 256, 256, 256, 256, 256, 256, 256, 256, 256, 256, 256, 256, 256, 256, 256, 256, 256, 256, 256, 256, 255, 254, 253, 252, 251, 250, 250, 250, 250, 250, 250, 250, 250, 250, 250, 250, 250, 250, 250, 250, 250, 250, 250, 250, 250, 250, 250, 250, 250, 250, 250, 250, 250, 250, 250, 250, 250, 250, 250, 250, 251, 251, 252, 252, 252, 252, 252, 252, 252, 252, 252, 252, 252, 252, 252, 252, 252, 252, 251, 251, 250, 250, 250, 250, 250, 250, 250], ""1"": [250, 251, 252, 253, 254, 255, 256, 256, 256, 256, 256, 256, 256, 256, 256, 256, 256, 256, 256, 256, 256, 256, 256, 256, 256, 256, 256, 256, 256, 256, 256, 256, 256, 255, 254, 253, 252, 251, 250, 250, 250, 250, 250, 250, 250, 250, 250, 250, 250, 250, 250, 250, 250, 250, 250, 250, 250, 250, 250, 250, 250, 250, 250, 250, 250, 250, 250, 250, 250, 250, 250, 250, 250, 251, 251, 252, 252, 252, 252, 252, 252, 252, 252, 252, 252, 252, 252, 252, 252, 252, 252, 251, 251, 250, 250, 250, 250, 250, 250, 250], ""2"": [243, 244, 245, 246, 247, 248, 249, 249, 249, 249, 249, 249, 249, 249, 249, 249, 249, 249, 249, 249, 249, 249, 249, 249, 249, 249, 249, 249, 249, 249, 249, 249, 249, 248, 247, 246, 245, 244, 243, 243, 243, 243, 243, 243, 243, 243, 243, 243, 243, 243, 243, 243, 243, 243, 243, 243, 243, 243, 243, 243, 243, 243, 243, 243, 243, 243, 243, 243, 243, 243, 243, 243, 243, 244, 244, 245, 245, 245, 245, 245, 245, 245, 245, 245, 245, 245, 245, 245, 245, 245, 245, 244, 244, 243, 243, 243, 243, 243, 243, 243], ""3"": [243, 244, 245, 246, 247, 248, 249, 249, 249, 249, 249, 249, 249, 249, 249, 249, 249, 249, 249, 249, 249, 249, 249, 249, 249, 249, 249, 249, 249, 249, 249, 249, 249, 248, 247, 246, 245, 244, 243, 243, 243, 243, 243, 243, 243, 243, 243, 243, 243, 243, 243, 243, 243, 243, 243, 243, 243, 243, 243, 243, 243, 243, 243, 243, 243, 243, 243, 243, 243, 243, 243, 243, 243, 244, 244, 245, 245, 245, 245, 245, 245, 245, 245, 245, 245, 245, 245, 245, 245, 245, 245, 244, 244, 243, 243, 243, 243, 243, 243, 243], ""4"": [243, 244, 245, 246, 247, 248, 249, 249, 249, 249, 249, 249, 249, 249, 249, 249, 249, 249, 249, 249, 249, 249, 249, 249, 249, 249, 249, 249, 249, 249, 249, 249, 249, 248, 247, 246, 245, 244, 243, 243, 243, 243, 243, 243, 243, 243, 243, 243, 243, 243, 243, 243, 243, 243, 243, 243, 243, 243, 243, 243, 243, 243, 243, 243, 243, 243, 243, 243, 243, 243, 243, 243, 243, 244, 244, 245, 245, 245, 245, 245, 245, 245, 245, 245, 245, 245, 245, 245, 245, 245, 245, 244, 244, 243, 243, 243, 243, 243, 243, 243], ""5"": [250, 251, 252, 253, 254, 255, 256, 256, 256, 256, 256, 256, 256, 256, 256, 256, 256, 256, 256, 256, 256, 256, 256, 256, 256, 256, 256, 256, 256, 256, 256, 256, 256, 255, 254, 253, 252, 251, 250, 250, 250, 250, 250, 250, 250, 250, 250, 250, 250, 250, 250, 250, 250, 250, 250, 250, 250, 250, 250, 250, 250, 250, 250, 250, 250, 250, 250, 250, 250, 250, 250, 250, 250, 251, 251, 252, 252, 252, 252, 252, 252, 252, 252, 252, 252, 252, 252, 252, 252, 252, 252, 251, 251, 250, 250, 250, 250, 250, 250, 250], ""6"": [257, 258, 259, 260, 261, 262, 263, 263, 263, 263, 263, 263, 263, 263, 263, 263, 263, 263, 263, 263, 263, 263, 263, 263, 263, 263, 263, 263, 263, 263, 263, 263, 263, 262, 261, 260, 259, 258, 257, 257, 257, 257, 257, 257, 257, 257, 257, 257, 257, 257, 257, 257, 257, 257, 257, 257, 257, 257, 257, 257, 257, 257, 257, 257, 257, 257, 257, 257, 257, 257, 257, 257, 257, 258, 258, 259, 259, 259, 259, 259, 259, 259, 259, 259, 259, 259, 259, 259, 259, 259, 259, 258, 258, 257, 257, 257, 257, 257, 257, 257], ""7"": [257, 258, 259, 260, 261, 262, 263, 263, 263, 263, 263, 263, 263, 263, 263, 263, 263, 263, 263, 263, 263, 263, 263, 263, 263, 263, 263, 263, 263, 263, 263, 263, 263, 262, 261, 260, 259, 258, 257, 257, 257, 257, 257, 257, 257, 257, 257, 257, 257, 257, 257, 257, 257, 257, 257, 257, 257, 257, 257, 257, 257, 257, 257, 257, 257, 257, 257, 257, 257, 257, 257, 257, 257, 258, 258, 259, 259, 259, 259, 259, 259, 259, 259, 259, 259, 259, 259, 259, 259, 259, 259, 258, 258, 257, 257, 257, 257, 257, 257, 257]}",{},"frame = min(count-1, floor(count*progress/duration)); duration from atomic length",Animals/tribe_10_cattle/Sheets/cr_ani_body_00__cattle01/j48_A009_animal_bull_wait_s274.png,Animals/tribe_10_cattle/Sheets/cr_ani_body_00__cattle01/j48_A009_animal_bull_wait_s274__shadow_mask.png,"[80, 68]","[45, 34]","[0, 1, 2, 3, 4, 5, 6, 7]",RENDERED,COMPATIBLE,[],PIXEL_CONFIRMED,Animals/tribe_10_cattle/young_job48/metadata.json,Animals/tribe_10_cattle/young_job48/index.html
10,Cows,animal,48,48,baby_animal,Young Animal,young,[48],1119,48,False,walk,,,,[],0,,,100000,0,animal_bull_walk,animal_bull_walk,initial,0,Data\Engine2D\Bin\Bobs\CR_Ani_Body_00.bmd,Data\Engine2D\Bin\Bobs\CR_Ani_Body_00_s.bmd,,,[],cattle01,,declared base palette (ordinal 0 of RNG list),[],"{""0"": [333, 334, 335, 336, 337, 338, 339, 340, 341, 342, 343, 344], ""1"": [345, 346, 347, 348, 349, 350, 351, 352, 353, 354, 355, 356], ""2"": [285, 286, 287, 288, 289, 290, 291, 292, 293, 294, 295, 296], ""3"": [297, 298, 299, 300, 301, 302, 303, 304, 305, 306, 307, 308], ""4"": [309, 310, 311, 312, 313, 314, 315, 316, 317, 318, 319, 320], ""5"": [321, 322, 323, 324, 325, 326, 327, 328, 329, 330, 331, 332], ""6"": [369, 370, 371, 372, 373, 374, 375, 376, 377, 378, 379, 380], ""7"": [357, 358, 359, 360, 361, 362, 363, 364, 365, 366, 367, 368]}",{},frame = frameTick % count (walk; caller frame tick),Animals/tribe_10_cattle/Sheets/cr_ani_body_00__cattle01/j48_W000_animal_bull_walk_s1119.png,Animals/tribe_10_cattle/Sheets/cr_ani_body_00__cattle01/j48_W000_animal_bull_walk_s1119__shadow_mask.png,"[86, 93]","[47, 45]","[0, 1, 2, 3, 4, 5, 6, 7]",RENDERED,COMPATIBLE,[],PIXEL_CONFIRMED,Animals/tribe_10_cattle/young_job48/metadata.json,Animals/tribe_10_cattle/young_job48/index.html
10,Cows,animal,49,49,adult_animal,Animal,adult,"[49, 48]",275,49,False,atomic,2,animal_cattle_adult_idle,100,[],,,0,,0,animal_bull_wait,animal_bull_wait,initial,0,Data\Engine2D\Bin\Bobs\CR_Ani_Body_00.bmd,Data\Engine2D\Bin\Bobs\CR_Ani_Body_00_s.bmd,,,[],cattle01,,declared base palette (ordinal 0 of RNG list),[],"{""0"": [250, 251, 252, 253, 254, 255, 256, 256, 256, 256, 256, 256, 256, 256, 256, 256, 256, 256, 256, 256, 256, 256, 256, 256, 256, 256, 256, 256, 256, 256, 256, 256, 256, 255, 254, 253, 252, 251, 250, 250, 250, 250, 250, 250, 250, 250, 250, 250, 250, 250, 250, 250, 250, 250, 250, 250, 250, 250, 250, 250, 250, 250, 250, 250, 250, 250, 250, 250, 250, 250, 250, 250, 250, 251, 251, 252, 252, 252, 252, 252, 252, 252, 252, 252, 252, 252, 252, 252, 252, 252, 252, 251, 251, 250, 250, 250, 250, 250, 250, 250], ""1"": [250, 251, 252, 253, 254, 255, 256, 256, 256, 256, 256, 256, 256, 256, 256, 256, 256, 256, 256, 256, 256, 256, 256, 256, 256, 256, 256, 256, 256, 256, 256, 256, 256, 255, 254, 253, 252, 251, 250, 250, 250, 250, 250, 250, 250, 250, 250, 250, 250, 250, 250, 250, 250, 250, 250, 250, 250, 250, 250, 250, 250, 250, 250, 250, 250, 250, 250, 250, 250, 250, 250, 250, 250, 251, 251, 252, 252, 252, 252, 252, 252, 252, 252, 252, 252, 252, 252, 252, 252, 252, 252, 251, 251, 250, 250, 250, 250, 250, 250, 250], ""2"": [243, 244, 245, 246, 247, 248, 249, 249, 249, 249, 249, 249, 249, 249, 249, 249, 249, 249, 249, 249, 249, 249, 249, 249, 249, 249, 249, 249, 249, 249, 249, 249, 249, 248, 247, 246, 245, 244, 243, 243, 243, 243, 243, 243, 243, 243, 243, 243, 243, 243, 243, 243, 243, 243, 243, 243, 243, 243, 243, 243, 243, 243, 243, 243, 243, 243, 243, 243, 243, 243, 243, 243, 243, 244, 244, 245, 245, 245, 245, 245, 245, 245, 245, 245, 245, 245, 245, 245, 245, 245, 245, 244, 244, 243, 243, 243, 243, 243, 243, 243], ""3"": [243, 244, 245, 246, 247, 248, 249, 249, 249, 249, 249, 249, 249, 249, 249, 249, 249, 249, 249, 249, 249, 249, 249, 249, 249, 249, 249, 249, 249, 249, 249, 249, 249, 248, 247, 246, 245, 244, 243, 243, 243, 243, 243, 243, 243, 243, 243, 243, 243, 243, 243, 243, 243, 243, 243, 243, 243, 243, 243, 243, 243, 243, 243, 243, 243, 243, 243, 243, 243, 243, 243, 243, 243, 244, 244, 245, 245, 245, 245, 245, 245, 245, 245, 245, 245, 245, 245, 245, 245, 245, 245, 244, 244, 243, 243, 243, 243, 243, 243, 243], ""4"": [243, 244, 245, 246, 247, 248, 249, 249, 249, 249, 249, 249, 249, 249, 249, 249, 249, 249, 249, 249, 249, 249, 249, 249, 249, 249, 249, 249, 249, 249, 249, 249, 249, 248, 247, 246, 245, 244, 243, 243, 243, 243, 243, 243, 243, 243, 243, 243, 243, 243, 243, 243, 243, 243, 243, 243, 243, 243, 243, 243, 243, 243, 243, 243, 243, 243, 243, 243, 243, 243, 243, 243, 243, 244, 244, 245, 245, 245, 245, 245, 245, 245, 245, 245, 245, 245, 245, 245, 245, 245, 245, 244, 244, 243, 243, 243, 243, 243, 243, 243], ""5"": [250, 251, 252, 253, 254, 255, 256, 256, 256, 256, 256, 256, 256, 256, 256, 256, 256, 256, 256, 256, 256, 256, 256, 256, 256, 256, 256, 256, 256, 256, 256, 256, 256, 255, 254, 253, 252, 251, 250, 250, 250, 250, 250, 250, 250, 250, 250, 250, 250, 250, 250, 250, 250, 250, 250, 250, 250, 250, 250, 250, 250, 250, 250, 250, 250, 250, 250, 250, 250, 250, 250, 250, 250, 251, 251, 252, 252, 252, 252, 252, 252, 252, 252, 252, 252, 252, 252, 252, 252, 252, 252, 251, 251, 250, 250, 250, 250, 250, 250, 250], ""6"": [257, 258, 259, 260, 261, 262, 263, 263, 263, 263, 263, 263, 263, 263, 263, 263, 263, 263, 263, 263, 263, 263, 263, 263, 263, 263, 263, 263, 263, 263, 263, 263, 263, 262, 261, 260, 259, 258, 257, 257, 257, 257, 257, 257, 257, 257, 257, 257, 257, 257, 257, 257, 257, 257, 257, 257, 257, 257, 257, 257, 257, 257, 257, 257, 257, 257, 257, 257, 257, 257, 257, 257, 257, 258, 258, 259, 259, 259, 259, 259, 259, 259, 259, 259, 259, 259, 259, 259, 259, 259, 259, 258, 258, 257, 257, 257, 257, 257, 257, 257], ""7"": [257, 258, 259, 260, 261, 262, 263, 263, 263, 263, 263, 263, 263, 263, 263, 263, 263, 263, 263, 263, 263, 263, 263, 263, 263, 263, 263, 263, 263, 263, 263, 263, 263, 262, 261, 260, 259, 258, 257, 257, 257, 257, 257, 257, 257, 257, 257, 257, 257, 257, 257, 257, 257, 257, 257, 257, 257, 257, 257, 257, 257, 257, 257, 257, 257, 257, 257, 257, 257, 257, 257, 257, 257, 258, 258, 259, 259, 259, 259, 259, 259, 259, 259, 259, 259, 259, 259, 259, 259, 259, 259, 258, 258, 257, 257, 257, 257, 257, 257, 257]}",{},"frame = min(count-1, floor(count*progress/duration)); duration from atomic length",Animals/tribe_10_cattle/Sheets/cr_ani_body_00__cattle01/j49_A002_animal_bull_wait_s275.png,Animals/tribe_10_cattle/Sheets/cr_ani_body_00__cattle01/j49_A002_animal_bull_wait_s275__shadow_mask.png,"[80, 68]","[45, 34]","[0, 1, 2, 3, 4, 5, 6, 7]",RENDERED,COMPATIBLE,[],PIXEL_CONFIRMED,Animals/tribe_10_cattle/adult_job49/metadata.json,Animals/tribe_10_cattle/adult_job49/index.html
10,Cows,animal,49,49,adult_animal,Animal,adult,"[49, 48]",276,49,False,atomic,3,animal_cattle_adult_idle,100,[],,,0,,0,animal_bull_wait,animal_bull_wait,initial,0,Data\Engine2D\Bin\Bobs\CR_Ani_Body_00.bmd,Data\Engine2D\Bin\Bobs\CR_Ani_Body_00_s.bmd,,,[],cattle01,,declared base palette (ordinal 0 of RNG list),[],"{""0"": [250, 251, 252, 253, 254, 255, 256, 256, 256, 256, 256, 256, 256, 256, 256, 256, 256, 256, 256, 256, 256, 256, 256, 256, 256, 256, 256, 256, 256, 256, 256, 256, 256, 255, 254, 253, 252, 251, 250, 250, 250, 250, 250, 250, 250, 250, 250, 250, 250, 250, 250, 250, 250, 250, 250, 250, 250, 250, 250, 250, 250, 250, 250, 250, 250, 250, 250, 250, 250, 250, 250, 250, 250, 251, 251, 252, 252, 252, 252, 252, 252, 252, 252, 252, 252, 252, 252, 252, 252, 252, 252, 251, 251, 250, 250, 250, 250, 250, 250, 250], ""1"": [250, 251, 252, 253, 254, 255, 256, 256, 256, 256, 256, 256, 256, 256, 256, 256, 256, 256, 256, 256, 256, 256, 256, 256, 256, 256, 256, 256, 256, 256, 256, 256, 256, 255, 254, 253, 252, 251, 250, 250, 250, 250, 250, 250, 250, 250, 250, 250, 250, 250, 250, 250, 250, 250, 250, 250, 250, 250, 250, 250, 250, 250, 250, 250, 250, 250, 250, 250, 250, 250, 250, 250, 250, 251, 251, 252, 252, 252, 252, 252, 252, 252, 252, 252, 252, 252, 252, 252, 252, 252, 252, 251, 251, 250, 250, 250, 250, 250, 250, 250], ""2"": [243, 244, 245, 246, 247, 248, 249, 249, 249, 249, 249, 249, 249, 249, 249, 249, 249, 249, 249, 249, 249, 249, 249, 249, 249, 249, 249, 249, 249, 249, 249, 249, 249, 248, 247, 246, 245, 244, 243, 243, 243, 243, 243, 243, 243, 243, 243, 243, 243, 243, 243, 243, 243, 243, 243, 243, 243, 243, 243, 243, 243, 243, 243, 243, 243, 243, 243, 243, 243, 243, 243, 243, 243, 244, 244, 245, 245, 245, 245, 245, 245, 245, 245, 245, 245, 245, 245, 245, 245, 245, 245, 244, 244, 243, 243, 243, 243, 243, 243, 243], ""3"": [243, 244, 245, 246, 247, 248, 249, 249, 249, 249, 249, 249, 249, 249, 249, 249, 249, 249, 249, 249, 249, 249, 249, 249, 249, 249, 249, 249, 249, 249, 249, 249, 249, 248, 247, 246, 245, 244, 243, 243, 243, 243, 243, 243, 243, 243, 243, 243, 243, 243, 243, 243, 243, 243, 243, 243, 243, 243, 243, 243, 243, 243, 243, 243, 243, 243, 243, 243, 243, 243, 243, 243, 243, 244, 244, 245, 245, 245, 245, 245, 245, 245, 245, 245, 245, 245, 245, 245, 245, 245, 245, 244, 244, 243, 243, 243, 243, 243, 243, 243], ""4"": [243, 244, 245, 246, 247, 248, 249, 249, 249, 249, 249, 249, 249, 249, 249, 249, 249, 249, 249, 249, 249, 249, 249, 249, 249, 249, 249, 249, 249, 249, 249, 249, 249, 248, 247, 246, 245, 244, 243, 243, 243, 243, 243, 243, 243, 243, 243, 243, 243, 243, 243, 243, 243, 243, 243, 243, 243, 243, 243, 243, 243, 243, 243, 243, 243, 243, 243, 243, 243, 243, 243, 243, 243, 244, 244, 245, 245, 245, 245, 245, 245, 245, 245, 245, 245, 245, 245, 245, 245, 245, 245, 244, 244, 243, 243, 243, 243, 243, 243, 243], ""5"": [250, 251, 252, 253, 254, 255, 256, 256, 256, 256, 256, 256, 256, 256, 256, 256, 256, 256, 256, 256, 256, 256, 256, 256, 256, 256, 256, 256, 256, 256, 256, 256, 256, 255, 254, 253, 252, 251, 250, 250, 250, 250, 250, 250, 250, 250, 250, 250, 250, 250, 250, 250, 250, 250, 250, 250, 250, 250, 250, 250, 250, 250, 250, 250, 250, 250, 250, 250, 250, 250, 250, 250, 250, 251, 251, 252, 252, 252, 252, 252, 252, 252, 252, 252, 252, 252, 252, 252, 252, 252, 252, 251, 251, 250, 250, 250, 250, 250, 250, 250], ""6"": [257, 258, 259, 260, 261, 262, 263, 263, 263, 263, 263, 263, 263, 263, 263, 263, 263, 263, 263, 263, 263, 263, 263, 263, 263, 263, 263, 263, 263, 263, 263, 263, 263, 262, 261, 260, 259, 258, 257, 257, 257, 257, 257, 257, 257, 257, 257, 257, 257, 257, 257, 257, 257, 257, 257, 257, 257, 257, 257, 257, 257, 257, 257, 257, 257, 257, 257, 257, 257, 257, 257, 257, 257, 258, 258, 259, 259, 259, 259, 259, 259, 259, 259, 259, 259, 259, 259, 259, 259, 259, 259, 258, 258, 257, 257, 257, 257, 257, 257, 257], ""7"": [257, 258, 259, 260, 261, 262, 263, 263, 263, 263, 263, 263, 263, 263, 263, 263, 263, 263, 263, 263, 263, 263, 263, 263, 263, 263, 263, 263, 263, 263, 263, 263, 263, 262, 261, 260, 259, 258, 257, 257, 257, 257, 257, 257, 257, 257, 257, 257, 257, 257, 257, 257, 257, 257, 257, 257, 257, 257, 257, 257, 257, 257, 257, 257, 257, 257, 257, 257, 257, 257, 257, 257, 257, 258, 258, 259, 259, 259, 259, 259, 259, 259, 259, 259, 259, 259, 259, 259, 259, 259, 259, 258, 258, 257, 257, 257, 257, 257, 257, 257]}",{},"frame = min(count-1, floor(count*progress/duration)); duration from atomic length",Animals/tribe_10_cattle/Sheets/cr_ani_body_00__cattle01/j49_A003_animal_bull_wait_s276.png,Animals/tribe_10_cattle/Sheets/cr_ani_body_00__cattle01/j49_A003_animal_bull_wait_s276__shadow_mask.png,"[80, 68]","[45, 34]","[0, 1, 2, 3, 4, 5, 6, 7]",RENDERED,COMPATIBLE,[],PIXEL_CONFIRMED,Animals/tribe_10_cattle/adult_job49/metadata.json,Animals/tribe_10_cattle/adult_job49/index.html
10,Cows,animal,49,49,adult_animal,Animal,adult,"[49, 48]",277,49,False,atomic,4,animal_cattle_adult_idle,100,[],,,0,,0,animal_bull_wait,animal_bull_wait,initial,0,Data\Engine2D\Bin\Bobs\CR_Ani_Body_00.bmd,Data\Engine2D\Bin\Bobs\CR_Ani_Body_00_s.bmd,,,[],cattle01,,declared base palette (ordinal 0 of RNG list),[],"{""0"": [250, 251, 252, 253, 254, 255, 256, 256, 256, 256, 256, 256, 256, 256, 256, 256, 256, 256, 256, 256, 256, 256, 256, 256, 256, 256, 256, 256, 256, 256, 256, 256, 256, 255, 254, 253, 252, 251, 250, 250, 250, 250, 250, 250, 250, 250, 250, 250, 250, 250, 250, 250, 250, 250, 250, 250, 250, 250, 250, 250, 250, 250, 250, 250, 250, 250, 250, 250, 250, 250, 250, 250, 250, 251, 251, 252, 252, 252, 252, 252, 252, 252, 252, 252, 252, 252, 252, 252, 252, 252, 252, 251, 251, 250, 250, 250, 250, 250, 250, 250], ""1"": [250, 251, 252, 253, 254, 255, 256, 256, 256, 256, 256, 256, 256, 256, 256, 256, 256, 256, 256, 256, 256, 256, 256, 256, 256, 256, 256, 256, 256, 256, 256, 256, 256, 255, 254, 253, 252, 251, 250, 250, 250, 250, 250, 250, 250, 250, 250, 250, 250, 250, 250, 250, 250, 250, 250, 250, 250, 250, 250, 250, 250, 250, 250, 250, 250, 250, 250, 250, 250, 250, 250, 250, 250, 251, 251, 252, 252, 252, 252, 252, 252, 252, 252, 252, 252, 252, 252, 252, 252, 252, 252, 251, 251, 250, 250, 250, 250, 250, 250, 250], ""2"": [243, 244, 245, 246, 247, 248, 249, 249, 249, 249, 249, 249, 249, 249, 249, 249, 249, 249, 249, 249, 249, 249, 249, 249, 249, 249, 249, 249, 249, 249, 249, 249, 249, 248, 247, 246, 245, 244, 243, 243, 243, 243, 243, 243, 243, 243, 243, 243, 243, 243, 243, 243, 243, 243, 243, 243, 243, 243, 243, 243, 243, 243, 243, 243, 243, 243, 243, 243, 243, 243, 243, 243, 243, 244, 244, 245, 245, 245, 245, 245, 245, 245, 245, 245, 245, 245, 245, 245, 245, 245, 245, 244, 244, 243, 243, 243, 243, 243, 243, 243], ""3"": [243, 244, 245, 246, 247, 248, 249, 249, 249, 249, 249, 249, 249, 249, 249, 249, 249, 249, 249, 249, 249, 249, 249, 249, 249, 249, 249, 249, 249, 249, 249, 249, 249, 248, 247, 246, 245, 244, 243, 243, 243, 243, 243, 243, 243, 243, 243, 243, 243, 243, 243, 243, 243, 243, 243, 243, 243, 243, 243, 243, 243, 243, 243, 243, 243, 243, 243, 243, 243, 243, 243, 243, 243, 244, 244, 245, 245, 245, 245, 245, 245, 245, 245, 245, 245, 245, 245, 245, 245, 245, 245, 244, 244, 243, 243, 243, 243, 243, 243, 243], ""4"": [243, 244, 245, 246, 247, 248, 249, 249, 249, 249, 249, 249, 249, 249, 249, 249, 249, 249, 249, 249, 249, 249, 249, 249, 249, 249, 249, 249, 249, 249, 249, 249, 249, 248, 247, 246, 245, 244, 243, 243, 243, 243, 243, 243, 243, 243, 243, 243, 243, 243, 243, 243, 243, 243, 243, 243, 243, 243, 243, 243, 243, 243, 243, 243, 243, 243, 243, 243, 243, 243, 243, 243, 243, 244, 244, 245, 245, 245, 245, 245, 245, 245, 245, 245, 245, 245, 245, 245, 245, 245, 245, 244, 244, 243, 243, 243, 243, 243, 243, 243], ""5"": [250, 251, 252, 253, 254, 255, 256, 256, 256, 256, 256, 256, 256, 256, 256, 256, 256, 256, 256, 256, 256, 256, 256, 256, 256, 256, 256, 256, 256, 256, 256, 256, 256, 255, 254, 253, 252, 251, 250, 250, 250, 250, 250, 250, 250, 250, 250, 250, 250, 250, 250, 250, 250, 250, 250, 250, 250, 250, 250, 250, 250, 250, 250, 250, 250, 250, 250, 250, 250, 250, 250, 250, 250, 251, 251, 252, 252, 252, 252, 252, 252, 252, 252, 252, 252, 252, 252, 252, 252, 252, 252, 251, 251, 250, 250, 250, 250, 250, 250, 250], ""6"": [257, 258, 259, 260, 261, 262, 263, 263, 263, 263, 263, 263, 263, 263, 263, 263, 263, 263, 263, 263, 263, 263, 263, 263, 263, 263, 263, 263, 263, 263, 263, 263, 263, 262, 261, 260, 259, 258, 257, 257, 257, 257, 257, 257, 257, 257, 257, 257, 257, 257, 257, 257, 257, 257, 257, 257, 257, 257, 257, 257, 257, 257, 257, 257, 257, 257, 257, 257, 257, 257, 257, 257, 257, 258, 258, 259, 259, 259, 259, 259, 259, 259, 259, 259, 259, 259, 259, 259, 259, 259, 259, 258, 258, 257, 257, 257, 257, 257, 257, 257], ""7"": [257, 258, 259, 260, 261, 262, 263, 263, 263, 263, 263, 263, 263, 263, 263, 263, 263, 263, 263, 263, 263, 263, 263, 263, 263, 263, 263, 263, 263, 263, 263, 263, 263, 262, 261, 260, 259, 258, 257, 257, 257, 257, 257, 257, 257, 257, 257, 257, 257, 257, 257, 257, 257, 257, 257, 257, 257, 257, 257, 257, 257, 257, 257, 257, 257, 257, 257, 257, 257, 257, 257, 257, 257, 258, 258, 259, 259, 259, 259, 259, 259, 259, 259, 259, 259, 259, 259, 259, 259, 259, 259, 258, 258, 257, 257, 257, 257, 257, 257, 257]}",{},"frame = min(count-1, floor(count*progress/duration)); duration from atomic length",Animals/tribe_10_cattle/Sheets/cr_ani_body_00__cattle01/j49_A004_animal_bull_wait_s277.png,Animals/tribe_10_cattle/Sheets/cr_ani_body_00__cattle01/j49_A004_animal_bull_wait_s277__shadow_mask.png,"[80, 68]","[45, 34]","[0, 1, 2, 3, 4, 5, 6, 7]",RENDERED,COMPATIBLE,[],PIXEL_CONFIRMED,Animals/tribe_10_cattle/adult_job49/metadata.json,Animals/tribe_10_cattle/adult_job49/index.html
10,Cows,animal,49,49,adult_animal,Animal,adult,"[49, 48]",278,49,False,atomic,5,animal_cattle_adult_idle,100,[],,,0,,0,animal_bull_wait,animal_bull_wait,initial,0,Data\Engine2D\Bin\Bobs\CR_Ani_Body_00.bmd,Data\Engine2D\Bin\Bobs\CR_Ani_Body_00_s.bmd,,,[],cattle01,,declared base palette (ordinal 0 of RNG list),[],"{""0"": [250, 251, 252, 253, 254, 255, 256, 256, 256, 256, 256, 256, 256, 256, 256, 256, 256, 256, 256, 256, 256, 256, 256, 256, 256, 256, 256, 256, 256, 256, 256, 256, 256, 255, 254, 253, 252, 251, 250, 250, 250, 250, 250, 250, 250, 250, 250, 250, 250, 250, 250, 250, 250, 250, 250, 250, 250, 250, 250, 250, 250, 250, 250, 250, 250, 250, 250, 250, 250, 250, 250, 250, 250, 251, 251, 252, 252, 252, 252, 252, 252, 252, 252, 252, 252, 252, 252, 252, 252, 252, 252, 251, 251, 250, 250, 250, 250, 250, 250, 250], ""1"": [250, 251, 252, 253, 254, 255, 256, 256, 256, 256, 256, 256, 256, 256, 256, 256, 256, 256, 256, 256, 256, 256, 256, 256, 256, 256, 256, 256, 256, 256, 256, 256, 256, 255, 254, 253, 252, 251, 250, 250, 250, 250, 250, 250, 250, 250, 250, 250, 250, 250, 250, 250, 250, 250, 250, 250, 250, 250, 250, 250, 250, 250, 250, 250, 250, 250, 250, 250, 250, 250, 250, 250, 250, 251, 251, 252, 252, 252, 252, 252, 252, 252, 252, 252, 252, 252, 252, 252, 252, 252, 252, 251, 251, 250, 250, 250, 250, 250, 250, 250], ""2"": [243, 244, 245, 246, 247, 248, 249, 249, 249, 249, 249, 249, 249, 249, 249, 249, 249, 249, 249, 249, 249, 249, 249, 249, 249, 249, 249, 249, 249, 249, 249, 249, 249, 248, 247, 246, 245, 244, 243, 243, 243, 243, 243, 243, 243, 243, 243, 243, 243, 243, 243, 243, 243, 243, 243, 243, 243, 243, 243, 243, 243, 243, 243, 243, 243, 243, 243, 243, 243, 243, 243, 243, 243, 244, 244, 245, 245, 245, 245, 245, 245, 245, 245, 245, 245, 245, 245, 245, 245, 245, 245, 244, 244, 243, 243, 243, 243, 243, 243, 243], ""3"": [243, 244, 245, 246, 247, 248, 249, 249, 249, 249, 249, 249, 249, 249, 249, 249, 249, 249, 249, 249, 249, 249, 249, 249, 249, 249, 249, 249, 249, 249, 249, 249, 249, 248, 247, 246, 245, 244, 243, 243, 243, 243, 243, 243, 243, 243, 243, 243, 243, 243, 243, 243, 243, 243, 243, 243, 243, 243, 243, 243, 243, 243, 243, 243, 243, 243, 243, 243, 243, 243, 243, 243, 243, 244, 244, 245, 245, 245, 245, 245, 245, 245, 245, 245, 245, 245, 245, 245, 245, 245, 245, 244, 244, 243, 243, 243, 243, 243, 243, 243], ""4"": [243, 244, 245, 246, 247, 248, 249, 249, 249, 249, 249, 249, 249, 249, 249, 249, 249, 249, 249, 249, 249, 249, 249, 249, 249, 249, 249, 249, 249, 249, 249, 249, 249, 248, 247, 246, 245, 244, 243, 243, 243, 243, 243, 243, 243, 243, 243, 243, 243, 243, 243, 243, 243, 243, 243, 243, 243, 243, 243, 243, 243, 243, 243, 243, 243, 243, 243, 243, 243, 243, 243, 243, 243, 244, 244, 245, 245, 245, 245, 245, 245, 245, 245, 245, 245, 245, 245, 245, 245, 245, 245, 244, 244, 243, 243, 243, 243, 243, 243, 243], ""5"": [250, 251, 252, 253, 254, 255, 256, 256, 256, 256, 256, 256, 256, 256, 256, 256, 256, 256, 256, 256, 256, 256, 256, 256, 256, 256, 256, 256, 256, 256, 256, 256, 256, 255, 254, 253, 252, 251, 250, 250, 250, 250, 250, 250, 250, 250, 250, 250, 250, 250, 250, 250, 250, 250, 250, 250, 250, 250, 250, 250, 250, 250, 250, 250, 250, 250, 250, 250, 250, 250, 250, 250, 250, 251, 251, 252, 252, 252, 252, 252, 252, 252, 252, 252, 252, 252, 252, 252, 252, 252, 252, 251, 251, 250, 250, 250, 250, 250, 250, 250], ""6"": [257, 258, 259, 260, 261, 262, 263, 263, 263, 263, 263, 263, 263, 263, 263, 263, 263, 263, 263, 263, 263, 263, 263, 263, 263, 263, 263, 263, 263, 263, 263, 263, 263, 262, 261, 260, 259, 258, 257, 257, 257, 257, 257, 257, 257, 257, 257, 257, 257, 257, 257, 257, 257, 257, 257, 257, 257, 257, 257, 257, 257, 257, 257, 257, 257, 257, 257, 257, 257, 257, 257, 257, 257, 258, 258, 259, 259, 259, 259, 259, 259, 259, 259, 259, 259, 259, 259, 259, 259, 259, 259, 258, 258, 257, 257, 257, 257, 257, 257, 257], ""7"": [257, 258, 259, 260, 261, 262, 263, 263, 263, 263, 263, 263, 263, 263, 263, 263, 263, 263, 263, 263, 263, 263, 263, 263, 263, 263, 263, 263, 263, 263, 263, 263, 263, 262, 261, 260, 259, 258, 257, 257, 257, 257, 257, 257, 257, 257, 257, 257, 257, 257, 257, 257, 257, 257, 257, 257, 257, 257, 257, 257, 257, 257, 257, 257, 257, 257, 257, 257, 257, 257, 257, 257, 257, 258, 258, 259, 259, 259, 259, 259, 259, 259, 259, 259, 259, 259, 259, 259, 259, 259, 259, 258, 258, 257, 257, 257, 257, 257, 257, 257]}",{},"frame = min(count-1, floor(count*progress/duration)); duration from atomic length",Animals/tribe_10_cattle/Sheets/cr_ani_body_00__cattle01/j49_A005_animal_bull_wait_s278.png,Animals/tribe_10_cattle/Sheets/cr_ani_body_00__cattle01/j49_A005_animal_bull_wait_s278__shadow_mask.png,"[80, 68]","[45, 34]","[0, 1, 2, 3, 4, 5, 6, 7]",RENDERED,COMPATIBLE,[],PIXEL_CONFIRMED,Animals/tribe_10_cattle/adult_job49/metadata.json,Animals/tribe_10_cattle/adult_job49/index.html
10,Cows,animal,49,49,adult_animal,Animal,adult,"[49, 48]",279,49,False,atomic,6,animal_cattle_adult_idle,100,[],,,0,,0,animal_bull_wait,animal_bull_wait,initial,0,Data\Engine2D\Bin\Bobs\CR_Ani_Body_00.bmd,Data\Engine2D\Bin\Bobs\CR_Ani_Body_00_s.bmd,,,[],cattle01,,declared base palette (ordinal 0 of RNG list),[],"{""0"": [250, 251, 252, 253, 254, 255, 256, 256, 256, 256, 256, 256, 256, 256, 256, 256, 256, 256, 256, 256, 256, 256, 256, 256, 256, 256, 256, 256, 256, 256, 256, 256, 256, 255, 254, 253, 252, 251, 250, 250, 250, 250, 250, 250, 250, 250, 250, 250, 250, 250, 250, 250, 250, 250, 250, 250, 250, 250, 250, 250, 250, 250, 250, 250, 250, 250, 250, 250, 250, 250, 250, 250, 250, 251, 251, 252, 252, 252, 252, 252, 252, 252, 252, 252, 252, 252, 252, 252, 252, 252, 252, 251, 251, 250, 250, 250, 250, 250, 250, 250], ""1"": [250, 251, 252, 253, 254, 255, 256, 256, 256, 256, 256, 256, 256, 256, 256, 256, 256, 256, 256, 256, 256, 256, 256, 256, 256, 256, 256, 256, 256, 256, 256, 256, 256, 255, 254, 253, 252, 251, 250, 250, 250, 250, 250, 250, 250, 250, 250, 250, 250, 250, 250, 250, 250, 250, 250, 250, 250, 250, 250, 250, 250, 250, 250, 250, 250, 250, 250, 250, 250, 250, 250, 250, 250, 251, 251, 252, 252, 252, 252, 252, 252, 252, 252, 252, 252, 252, 252, 252, 252, 252, 252, 251, 251, 250, 250, 250, 250, 250, 250, 250], ""2"": [243, 244, 245, 246, 247, 248, 249, 249, 249, 249, 249, 249, 249, 249, 249, 249, 249, 249, 249, 249, 249, 249, 249, 249, 249, 249, 249, 249, 249, 249, 249, 249, 249, 248, 247, 246, 245, 244, 243, 243, 243, 243, 243, 243, 243, 243, 243, 243, 243, 243, 243, 243, 243, 243, 243, 243, 243, 243, 243, 243, 243, 243, 243, 243, 243, 243, 243, 243, 243, 243, 243, 243, 243, 244, 244, 245, 245, 245, 245, 245, 245, 245, 245, 245, 245, 245, 245, 245, 245, 245, 245, 244, 244, 243, 243, 243, 243, 243, 243, 243], ""3"": [243, 244, 245, 246, 247, 248, 249, 249, 249, 249, 249, 249, 249, 249, 249, 249, 249, 249, 249, 249, 249, 249, 249, 249, 249, 249, 249, 249, 249, 249, 249, 249, 249, 248, 247, 246, 245, 244, 243, 243, 243, 243, 243, 243, 243, 243, 243, 243, 243, 243, 243, 243, 243, 243, 243, 243, 243, 243, 243, 243, 243, 243, 243, 243, 243, 243, 243, 243, 243, 243, 243, 243, 243, 244, 244, 245, 245, 245, 245, 245, 245, 245, 245, 245, 245, 245, 245, 245, 245, 245, 245, 244, 244, 243, 243, 243, 243, 243, 243, 243], ""4"": [243, 244, 245, 246, 247, 248, 249, 249, 249, 249, 249, 249, 249, 249, 249, 249, 249, 249, 249, 249, 249, 249, 249, 249, 249, 249, 249, 249, 249, 249, 249, 249, 249, 248, 247, 246, 245, 244, 243, 243, 243, 243, 243, 243, 243, 243, 243, 243, 243, 243, 243, 243, 243, 243, 243, 243, 243, 243, 243, 243, 243, 243, 243, 243, 243, 243, 243, 243, 243, 243, 243, 243, 243, 244, 244, 245, 245, 245, 245, 245, 245, 245, 245, 245, 245, 245, 245, 245, 245, 245, 245, 244, 244, 243, 243, 243, 243, 243, 243, 243], ""5"": [250, 251, 252, 253, 254, 255, 256, 256, 256, 256, 256, 256, 256, 256, 256, 256, 256, 256, 256, 256, 256, 256, 256, 256, 256, 256, 256, 256, 256, 256, 256, 256, 256, 255, 254, 253, 252, 251, 250, 250, 250, 250, 250, 250, 250, 250, 250, 250, 250, 250, 250, 250, 250, 250, 250, 250, 250, 250, 250, 250, 250, 250, 250, 250, 250, 250, 250, 250, 250, 250, 250, 250, 250, 251, 251, 252, 252, 252, 252, 252, 252, 252, 252, 252, 252, 252, 252, 252, 252, 252, 252, 251, 251, 250, 250, 250, 250, 250, 250, 250], ""6"": [257, 258, 259, 260, 261, 262, 263, 263, 263, 263, 263, 263, 263, 263, 263, 263, 263, 263, 263, 263, 263, 263, 263, 263, 263, 263, 263, 263, 263, 263, 263, 263, 263, 262, 261, 260, 259, 258, 257, 257, 257, 257, 257, 257, 257, 257, 257, 257, 257, 257, 257, 257, 257, 257, 257, 257, 257, 257, 257, 257, 257, 257, 257, 257, 257, 257, 257, 257, 257, 257, 257, 257, 257, 258, 258, 259, 259, 259, 259, 259, 259, 259, 259, 259, 259, 259, 259, 259, 259, 259, 259, 258, 258, 257, 257, 257, 257, 257, 257, 257], ""7"": [257, 258, 259, 260, 261, 262, 263, 263, 263, 263, 263, 263, 263, 263, 263, 263, 263, 263, 263, 263, 263, 263, 263, 263, 263, 263, 263, 263, 263, 263, 263, 263, 263, 262, 261, 260, 259, 258, 257, 257, 257, 257, 257, 257, 257, 257, 257, 257, 257, 257, 257, 257, 257, 257, 257, 257, 257, 257, 257, 257, 257, 257, 257, 257, 257, 257, 257, 257, 257, 257, 257, 257, 257, 258, 258, 259, 259, 259, 259, 259, 259, 259, 259, 259, 259, 259, 259, 259, 259, 259, 259, 258, 258, 257, 257, 257, 257, 257, 257, 257]}",{},"frame = min(count-1, floor(count*progress/duration)); duration from atomic length",Animals/tribe_10_cattle/Sheets/cr_ani_body_00__cattle01/j49_A006_animal_bull_wait_s279.png,Animals/tribe_10_cattle/Sheets/cr_ani_body_00__cattle01/j49_A006_animal_bull_wait_s279__shadow_mask.png,"[80, 68]","[45, 34]","[0, 1, 2, 3, 4, 5, 6, 7]",RENDERED,COMPATIBLE,[],PIXEL_CONFIRMED,Animals/tribe_10_cattle/adult_job49/metadata.json,Animals/tribe_10_cattle/adult_job49/index.html
10,Cows,animal,49,49,adult_animal,Animal,adult,"[49, 48]",280,49,False,atomic,7,animal_cattle_adult_idle,100,[],,,0,,0,animal_bull_wait,animal_bull_wait,initial,0,Data\Engine2D\Bin\Bobs\CR_Ani_Body_00.bmd,Data\Engine2D\Bin\Bobs\CR_Ani_Body_00_s.bmd,,,[],cattle01,,declared base palette (ordinal 0 of RNG list),[],"{""0"": [250, 251, 252, 253, 254, 255, 256, 256, 256, 256, 256, 256, 256, 256, 256, 256, 256, 256, 256, 256, 256, 256, 256, 256, 256, 256, 256, 256, 256, 256, 256, 256, 256, 255, 254, 253, 252, 251, 250, 250, 250, 250, 250, 250, 250, 250, 250, 250, 250, 250, 250, 250, 250, 250, 250, 250, 250, 250, 250, 250, 250, 250, 250, 250, 250, 250, 250, 250, 250, 250, 250, 250, 250, 251, 251, 252, 252, 252, 252, 252, 252, 252, 252, 252, 252, 252, 252, 252, 252, 252, 252, 251, 251, 250, 250, 250, 250, 250, 250, 250], ""1"": [250, 251, 252, 253, 254, 255, 256, 256, 256, 256, 256, 256, 256, 256, 256, 256, 256, 256, 256, 256, 256, 256, 256, 256, 256, 256, 256, 256, 256, 256, 256, 256, 256, 255, 254, 253, 252, 251, 250, 250, 250, 250, 250, 250, 250, 250, 250, 250, 250, 250, 250, 250, 250, 250, 250, 250, 250, 250, 250, 250, 250, 250, 250, 250, 250, 250, 250, 250, 250, 250, 250, 250, 250, 251, 251, 252, 252, 252, 252, 252, 252, 252, 252, 252, 252, 252, 252, 252, 252, 252, 252, 251, 251, 250, 250, 250, 250, 250, 250, 250], ""2"": [243, 244, 245, 246, 247, 248, 249, 249, 249, 249, 249, 249, 249, 249, 249, 249, 249, 249, 249, 249, 249, 249, 249, 249, 249, 249, 249, 249, 249, 249, 249, 249, 249, 248, 247, 246, 245, 244, 243, 243, 243, 243, 243, 243, 243, 243, 243, 243, 243, 243, 243, 243, 243, 243, 243, 243, 243, 243, 243, 243, 243, 243, 243, 243, 243, 243, 243, 243, 243, 243, 243, 243, 243, 244, 244, 245, 245, 245, 245, 245, 245, 245, 245, 245, 245, 245, 245, 245, 245, 245, 245, 244, 244, 243, 243, 243, 243, 243, 243, 243], ""3"": [243, 244, 245, 246, 247, 248, 249, 249, 249, 249, 249, 249, 249, 249, 249, 249, 249, 249, 249, 249, 249, 249, 249, 249, 249, 249, 249, 249, 249, 249, 249, 249, 249, 248, 247, 246, 245, 244, 243, 243, 243, 243, 243, 243, 243, 243, 243, 243, 243, 243, 243, 243, 243, 243, 243, 243, 243, 243, 243, 243, 243, 243, 243, 243, 243, 243, 243, 243, 243, 243, 243, 243, 243, 244, 244, 245, 245, 245, 245, 245, 245, 245, 245, 245, 245, 245, 245, 245, 245, 245, 245, 244, 244, 243, 243, 243, 243, 243, 243, 243], ""4"": [243, 244, 245, 246, 247, 248, 249, 249, 249, 249, 249, 249, 249, 249, 249, 249, 249, 249, 249, 249, 249, 249, 249, 249, 249, 249, 249, 249, 249, 249, 249, 249, 249, 248, 247, 246, 245, 244, 243, 243, 243, 243, 243, 243, 243, 243, 243, 243, 243, 243, 243, 243, 243, 243, 243, 243, 243, 243, 243, 243, 243, 243, 243, 243, 243, 243, 243, 243, 243, 243, 243, 243, 243, 244, 244, 245, 245, 245, 245, 245, 245, 245, 245, 245, 245, 245, 245, 245, 245, 245, 245, 244, 244, 243, 243, 243, 243, 243, 243, 243], ""5"": [250, 251, 252, 253, 254, 255, 256, 256, 256, 256, 256, 256, 256, 256, 256, 256, 256, 256, 256, 256, 256, 256, 256, 256, 256, 256, 256, 256, 256, 256, 256, 256, 256, 255, 254, 253, 252, 251, 250, 250, 250, 250, 250, 250, 250, 250, 250, 250, 250, 250, 250, 250, 250, 250, 250, 250, 250, 250, 250, 250, 250, 250, 250, 250, 250, 250, 250, 250, 250, 250, 250, 250, 250, 251, 251, 252, 252, 252, 252, 252, 252, 252, 252, 252, 252, 252, 252, 252, 252, 252, 252, 251, 251, 250, 250, 250, 250, 250, 250, 250], ""6"": [257, 258, 259, 260, 261, 262, 263, 263, 263, 263, 263, 263, 263, 263, 263, 263, 263, 263, 263, 263, 263, 263, 263, 263, 263, 263, 263, 263, 263, 263, 263, 263, 263, 262, 261, 260, 259, 258, 257, 257, 257, 257, 257, 257, 257, 257, 257, 257, 257, 257, 257, 257, 257, 257, 257, 257, 257, 257, 257, 257, 257, 257, 257, 257, 257, 257, 257, 257, 257, 257, 257, 257, 257, 258, 258, 259, 259, 259, 259, 259, 259, 259, 259, 259, 259, 259, 259, 259, 259, 259, 259, 258, 258, 257, 257, 257, 257, 257, 257, 257], ""7"": [257, 258, 259, 260, 261, 262, 263, 263, 263, 263, 263, 263, 263, 263, 263, 263, 263, 263, 263, 263, 263, 263, 263, 263, 263, 263, 263, 263, 263, 263, 263, 263, 263, 262, 261, 260, 259, 258, 257, 257, 257, 257, 257, 257, 257, 257, 257, 257, 257, 257, 257, 257, 257, 257, 257, 257, 257, 257, 257, 257, 257, 257, 257, 257, 257, 257, 257, 257, 257, 257, 257, 257, 257, 258, 258, 259, 259, 259, 259, 259, 259, 259, 259, 259, 259, 259, 259, 259, 259, 259, 259, 258, 258, 257, 257, 257, 257, 257, 257, 257]}",{},"frame = min(count-1, floor(count*progress/duration)); duration from atomic length",Animals/tribe_10_cattle/Sheets/cr_ani_body_00__cattle01/j49_A007_animal_bull_wait_s280.png,Animals/tribe_10_cattle/Sheets/cr_ani_body_00__cattle01/j49_A007_animal_bull_wait_s280__shadow_mask.png,"[80, 68]","[45, 34]","[0, 1, 2, 3, 4, 5, 6, 7]",RENDERED,COMPATIBLE,[],PIXEL_CONFIRMED,Animals/tribe_10_cattle/adult_job49/metadata.json,Animals/tribe_10_cattle/adult_job49/index.html
10,Cows,animal,49,49,adult_animal,Animal,adult,"[49, 48]",281,49,False,atomic,9,animal_bear_eat,20,[],,,0,,0,animal_bull_wait,animal_bull_wait,initial,0,Data\Engine2D\Bin\Bobs\CR_Ani_Body_00.bmd,Data\Engine2D\Bin\Bobs\CR_Ani_Body_00_s.bmd,,,[],cattle01,,declared base palette (ordinal 0 of RNG list),[],"{""0"": [250, 251, 252, 253, 254, 255, 256, 256, 256, 256, 256, 256, 256, 256, 256, 256, 256, 256, 256, 256, 256, 256, 256, 256, 256, 256, 256, 256, 256, 256, 256, 256, 256, 255, 254, 253, 252, 251, 250, 250, 250, 250, 250, 250, 250, 250, 250, 250, 250, 250, 250, 250, 250, 250, 250, 250, 250, 250, 250, 250, 250, 250, 250, 250, 250, 250, 250, 250, 250, 250, 250, 250, 250, 251, 251, 252, 252, 252, 252, 252, 252, 252, 252, 252, 252, 252, 252, 252, 252, 252, 252, 251, 251, 250, 250, 250, 250, 250, 250, 250], ""1"": [250, 251, 252, 253, 254, 255, 256, 256, 256, 256, 256, 256, 256, 256, 256, 256, 256, 256, 256, 256, 256, 256, 256, 256, 256, 256, 256, 256, 256, 256, 256, 256, 256, 255, 254, 253, 252, 251, 250, 250, 250, 250, 250, 250, 250, 250, 250, 250, 250, 250, 250, 250, 250, 250, 250, 250, 250, 250, 250, 250, 250, 250, 250, 250, 250, 250, 250, 250, 250, 250, 250, 250, 250, 251, 251, 252, 252, 252, 252, 252, 252, 252, 252, 252, 252, 252, 252, 252, 252, 252, 252, 251, 251, 250, 250, 250, 250, 250, 250, 250], ""2"": [243, 244, 245, 246, 247, 248, 249, 249, 249, 249, 249, 249, 249, 249, 249, 249, 249, 249, 249, 249, 249, 249, 249, 249, 249, 249, 249, 249, 249, 249, 249, 249, 249, 248, 247, 246, 245, 244, 243, 243, 243, 243, 243, 243, 243, 243, 243, 243, 243, 243, 243, 243, 243, 243, 243, 243, 243, 243, 243, 243, 243, 243, 243, 243, 243, 243, 243, 243, 243, 243, 243, 243, 243, 244, 244, 245, 245, 245, 245, 245, 245, 245, 245, 245, 245, 245, 245, 245, 245, 245, 245, 244, 244, 243, 243, 243, 243, 243, 243, 243], ""3"": [243, 244, 245, 246, 247, 248, 249, 249, 249, 249, 249, 249, 249, 249, 249, 249, 249, 249, 249, 249, 249, 249, 249, 249, 249, 249, 249, 249, 249, 249, 249, 249, 249, 248, 247, 246, 245, 244, 243, 243, 243, 243, 243, 243, 243, 243, 243, 243, 243, 243, 243, 243, 243, 243, 243, 243, 243, 243, 243, 243, 243, 243, 243, 243, 243, 243, 243, 243, 243, 243, 243, 243, 243, 244, 244, 245, 245, 245, 245, 245, 245, 245, 245, 245, 245, 245, 245, 245, 245, 245, 245, 244, 244, 243, 243, 243, 243, 243, 243, 243], ""4"": [243, 244, 245, 246, 247, 248, 249, 249, 249, 249, 249, 249, 249, 249, 249, 249, 249, 249, 249, 249, 249, 249, 249, 249, 249, 249, 249, 249, 249, 249, 249, 249, 249, 248, 247, 246, 245, 244, 243, 243, 243, 243, 243, 243, 243, 243, 243, 243, 243, 243, 243, 243, 243, 243, 243, 243, 243, 243, 243, 243, 243, 243, 243, 243, 243, 243, 243, 243, 243, 243, 243, 243, 243, 244, 244, 245, 245, 245, 245, 245, 245, 245, 245, 245, 245, 245, 245, 245, 245, 245, 245, 244, 244, 243, 243, 243, 243, 243, 243, 243], ""5"": [250, 251, 252, 253, 254, 255, 256, 256, 256, 256, 256, 256, 256, 256, 256, 256, 256, 256, 256, 256, 256, 256, 256, 256, 256, 256, 256, 256, 256, 256, 256, 256, 256, 255, 254, 253, 252, 251, 250, 250, 250, 250, 250, 250, 250, 250, 250, 250, 250, 250, 250, 250, 250, 250, 250, 250, 250, 250, 250, 250, 250, 250, 250, 250, 250, 250, 250, 250, 250, 250, 250, 250, 250, 251, 251, 252, 252, 252, 252, 252, 252, 252, 252, 252, 252, 252, 252, 252, 252, 252, 252, 251, 251, 250, 250, 250, 250, 250, 250, 250], ""6"": [257, 258, 259, 260, 261, 262, 263, 263, 263, 263, 263, 263, 263, 263, 263, 263, 263, 263, 263, 263, 263, 263, 263, 263, 263, 263, 263, 263, 263, 263, 263, 263, 263, 262, 261, 260, 259, 258, 257, 257, 257, 257, 257, 257, 257, 257, 257, 257, 257, 257, 257, 257, 257, 257, 257, 257, 257, 257, 257, 257, 257, 257, 257, 257, 257, 257, 257, 257, 257, 257, 257, 257, 257, 258, 258, 259, 259, 259, 259, 259, 259, 259, 259, 259, 259, 259, 259, 259, 259, 259, 259, 258, 258, 257, 257, 257, 257, 257, 257, 257], ""7"": [257, 258, 259, 260, 261, 262, 263, 263, 263, 263, 263, 263, 263, 263, 263, 263, 263, 263, 263, 263, 263, 263, 263, 263, 263, 263, 263, 263, 263, 263, 263, 263, 263, 262, 261, 260, 259, 258, 257, 257, 257, 257, 257, 257, 257, 257, 257, 257, 257, 257, 257, 257, 257, 257, 257, 257, 257, 257, 257, 257, 257, 257, 257, 257, 257, 257, 257, 257, 257, 257, 257, 257, 257, 258, 258, 259, 259, 259, 259, 259, 259, 259, 259, 259, 259, 259, 259, 259, 259, 259, 259, 258, 258, 257, 257, 257, 257, 257, 257, 257]}",{},"frame = min(count-1, floor(count*progress/duration)); duration from atomic length",Animals/tribe_10_cattle/Sheets/cr_ani_body_00__cattle01/j49_A009_animal_bull_wait_s281.png,Animals/tribe_10_cattle/Sheets/cr_ani_body_00__cattle01/j49_A009_animal_bull_wait_s281__shadow_mask.png,"[80, 68]","[45, 34]","[0, 1, 2, 3, 4, 5, 6, 7]",RENDERED,COMPATIBLE,[],PIXEL_CONFIRMED,Animals/tribe_10_cattle/adult_job49/metadata.json,Animals/tribe_10_cattle/adult_job49/index.html
10,Cows,animal,49,49,adult_animal,Animal,adult,"[49, 48]",1118,49,False,walk,,,,[],0,,,100000,0,animal_bull_walk,animal_bull_walk,initial,0,Data\Engine2D\Bin\Bobs\CR_Ani_Body_00.bmd,Data\Engine2D\Bin\Bobs\CR_Ani_Body_00_s.bmd,,,[],cattle01,,declared base palette (ordinal 0 of RNG list),[],"{""0"": [333, 334, 335, 336, 337, 338, 339, 340, 341, 342, 343, 344], ""1"": [345, 346, 347, 348, 349, 350, 351, 352, 353, 354, 355, 356], ""2"": [285, 286, 287, 288, 289, 290, 291, 292, 293, 294, 295, 296], ""3"": [297, 298, 299, 300, 301, 302, 303, 304, 305, 306, 307, 308], ""4"": [309, 310, 311, 312, 313, 314, 315, 316, 317, 318, 319, 320], ""5"": [321, 322, 323, 324, 325, 326, 327, 328, 329, 330, 331, 332], ""6"": [369, 370, 371, 372, 373, 374, 375, 376, 377, 378, 379, 380], ""7"": [357, 358, 359, 360, 361, 362, 363, 364, 365, 366, 367, 368]}",{},frame = frameTick % count (walk; caller frame tick),Animals/tribe_10_cattle/Sheets/cr_ani_body_00__cattle01/j49_W000_animal_bull_walk_s1118.png,Animals/tribe_10_cattle/Sheets/cr_ani_body_00__cattle01/j49_W000_animal_bull_walk_s1118__shadow_mask.png,"[86, 93]","[47, 45]","[0, 1, 2, 3, 4, 5, 6, 7]",RENDERED,COMPATIBLE,[],PIXEL_CONFIRMED,Animals/tribe_10_cattle/adult_job49/metadata.json,Animals/tribe_10_cattle/adult_job49/index.html
11,Stags,animal,48,48,baby_animal,Young Animal,young,[48],313,48,False,atomic,2,animal_deer_male_baby_idle,100,[],,,0,,0,animal_deer_male_wait,animal_deer_male_wait,initial,0,Data\Engine2D\Bin\Bobs\CR_Ani_Body_00.bmd,Data\Engine2D\Bin\Bobs\CR_Ani_Body_00_s.bmd,,,[],deer01,,declared base palette (ordinal 0 of RNG list),[],"{""0"": [975, 975, 975, 975, 975, 975, 975, 976, 977, 978, 978, 978, 978, 978, 978, 978, 978, 978, 978, 978, 978, 978, 978, 978, 979, 980, 981, 982, 982, 982, 982, 982, 982, 982, 982, 982, 982, 982, 982, 982, 982, 982, 983, 984, 985, 986, 975], ""1"": [975, 975, 975, 975, 975, 975, 975, 976, 977, 978, 978, 978, 978, 978, 978, 978, 978, 978, 978, 978, 978, 978, 978, 978, 979, 980, 981, 982, 982, 982, 982, 982, 982, 982, 982, 982, 982, 982, 982, 982, 982, 982, 983, 984, 985, 986, 975], ""2"": [963, 963, 963, 963, 963, 963, 963, 964, 965, 966, 966, 966, 966, 966, 966, 966, 966, 966, 966, 966, 966, 966, 966, 966, 967, 968, 969, 970, 970, 970, 970, 970, 970, 970, 970, 970, 970, 970, 970, 970, 970, 970, 971, 972, 973, 974, 963], ""3"": [963, 963, 963, 963, 963, 963, 963, 964, 965, 966, 966, 966, 966, 966, 966, 966, 966, 966, 966, 966, 966, 966, 966, 966, 967, 968, 969, 970, 970, 970, 970, 970, 970, 970, 970, 970, 970, 970, 970, 970, 970, 970, 971, 972, 973, 974, 963], ""4"": [963, 963, 963, 963, 963, 963, 963, 964, 965, 966, 966, 966, 966, 966, 966, 966, 966, 966, 966, 966, 966, 966, 966, 966, 967, 968, 969, 970, 970, 970, 970, 970, 970, 970, 970, 970, 970, 970, 970, 970, 970, 970, 971, 972, 973, 974, 963], ""5"": [975, 975, 975, 975, 975, 975, 975, 976, 977, 978, 978, 978, 978, 978, 978, 978, 978, 978, 978, 978, 978, 978, 978, 978, 979, 980, 981, 982, 982, 982, 982, 982, 982, 982, 982, 982, 982, 982, 982, 982, 982, 982, 983, 984, 985, 986, 975], ""6"": [987, 987, 987, 987, 987, 987, 987, 988, 989, 990, 990, 990, 990, 990, 990, 990, 990, 990, 990, 990, 990, 990, 990, 990, 991, 992, 993, 994, 994, 994, 994, 994, 994, 994, 994, 994, 994, 994, 994, 994, 994, 994, 995, 996, 997, 998, 987], ""7"": [987, 987, 987, 987, 987, 987, 987, 988, 989, 990, 990, 990, 990, 990, 990, 990, 990, 990, 990, 990, 990, 990, 990, 990, 991, 992, 993, 994, 994, 994, 994, 994, 994, 994, 994, 994, 994, 994, 994, 994, 994, 994, 995, 996, 997, 998, 987]}",{},"frame = min(count-1, floor(count*progress/duration)); duration from atomic length",Animals/tribe_11_stags/Sheets/cr_ani_body_00__deer01/j48_A002_animal_deer_male_wait_s313.png,Animals/tribe_11_stags/Sheets/cr_ani_body_00__deer01/j48_A002_animal_deer_male_wait_s313__shadow_mask.png,"[45, 67]","[25, 41]","[0, 1, 2, 3, 4, 5, 6, 7]",RENDERED,COMPATIBLE,[],PIXEL_CONFIRMED,Animals/tribe_11_stags/young_job48/metadata.json,Animals/tribe_11_stags/young_job48/index.html
11,Stags,animal,48,48,baby_animal,Young Animal,young,[48],308,48,False,atomic,3,animal_deer_male_baby_idle,100,[],,,0,,0,animal_deer_male_wait,animal_deer_male_wait,initial,0,Data\Engine2D\Bin\Bobs\CR_Ani_Body_00.bmd,Data\Engine2D\Bin\Bobs\CR_Ani_Body_00_s.bmd,,,[],deer01,,declared base palette (ordinal 0 of RNG list),[],"{""0"": [975, 975, 975, 975, 975, 975, 975, 976, 977, 978, 978, 978, 978, 978, 978, 978, 978, 978, 978, 978, 978, 978, 978, 978, 979, 980, 981, 982, 982, 982, 982, 982, 982, 982, 982, 982, 982, 982, 982, 982, 982, 982, 983, 984, 985, 986, 975], ""1"": [975, 975, 975, 975, 975, 975, 975, 976, 977, 978, 978, 978, 978, 978, 978, 978, 978, 978, 978, 978, 978, 978, 978, 978, 979, 980, 981, 982, 982, 982, 982, 982, 982, 982, 982, 982, 982, 982, 982, 982, 982, 982, 983, 984, 985, 986, 975], ""2"": [963, 963, 963, 963, 963, 963, 963, 964, 965, 966, 966, 966, 966, 966, 966, 966, 966, 966, 966, 966, 966, 966, 966, 966, 967, 968, 969, 970, 970, 970, 970, 970, 970, 970, 970, 970, 970, 970, 970, 970, 970, 970, 971, 972, 973, 974, 963], ""3"": [963, 963, 963, 963, 963, 963, 963, 964, 965, 966, 966, 966, 966, 966, 966, 966, 966, 966, 966, 966, 966, 966, 966, 966, 967, 968, 969, 970, 970, 970, 970, 970, 970, 970, 970, 970, 970, 970, 970, 970, 970, 970, 971, 972, 973, 974, 963], ""4"": [963, 963, 963, 963, 963, 963, 963, 964, 965, 966, 966, 966, 966, 966, 966, 966, 966, 966, 966, 966, 966, 966, 966, 966, 967, 968, 969, 970, 970, 970, 970, 970, 970, 970, 970, 970, 970, 970, 970, 970, 970, 970, 971, 972, 973, 974, 963], ""5"": [975, 975, 975, 975, 975, 975, 975, 976, 977, 978, 978, 978, 978, 978, 978, 978, 978, 978, 978, 978, 978, 978, 978, 978, 979, 980, 981, 982, 982, 982, 982, 982, 982, 982, 982, 982, 982, 982, 982, 982, 982, 982, 983, 984, 985, 986, 975], ""6"": [987, 987, 987, 987, 987, 987, 987, 988, 989, 990, 990, 990, 990, 990, 990, 990, 990, 990, 990, 990, 990, 990, 990, 990, 991, 992, 993, 994, 994, 994, 994, 994, 994, 994, 994, 994, 994, 994, 994, 994, 994, 994, 995, 996, 997, 998, 987], ""7"": [987, 987, 987, 987, 987, 987, 987, 988, 989, 990, 990, 990, 990, 990, 990, 990, 990, 990, 990, 990, 990, 990, 990, 990, 991, 992, 993, 994, 994, 994, 994, 994, 994, 994, 994, 994, 994, 994, 994, 994, 994, 994, 995, 996, 997, 998, 987]}",{},"frame = min(count-1, floor(count*progress/duration)); duration from atomic length",Animals/tribe_11_stags/Sheets/cr_ani_body_00__deer01/j48_A003_animal_deer_male_wait_s308.png,Animals/tribe_11_stags/Sheets/cr_ani_body_00__deer01/j48_A003_animal_deer_male_wait_s308__shadow_mask.png,"[45, 67]","[25, 41]","[0, 1, 2, 3, 4, 5, 6, 7]",RENDERED,COMPATIBLE,[],PIXEL_CONFIRMED,Animals/tribe_11_stags/young_job48/metadata.json,Animals/tribe_11_stags/young_job48/index.html
11,Stags,animal,48,48,baby_animal,Young Animal,young,[48],309,48,False,atomic,4,animal_deer_male_baby_idle,100,[],,,0,,0,animal_deer_male_wait,animal_deer_male_wait,initial,0,Data\Engine2D\Bin\Bobs\CR_Ani_Body_00.bmd,Data\Engine2D\Bin\Bobs\CR_Ani_Body_00_s.bmd,,,[],deer01,,declared base palette (ordinal 0 of RNG list),[],"{""0"": [975, 975, 975, 975, 975, 975, 975, 976, 977, 978, 978, 978, 978, 978, 978, 978, 978, 978, 978, 978, 978, 978, 978, 978, 979, 980, 981, 982, 982, 982, 982, 982, 982, 982, 982, 982, 982, 982, 982, 982, 982, 982, 983, 984, 985, 986, 975], ""1"": [975, 975, 975, 975, 975, 975, 975, 976, 977, 978, 978, 978, 978, 978, 978, 978, 978, 978, 978, 978, 978, 978, 978, 978, 979, 980, 981, 982, 982, 982, 982, 982, 982, 982, 982, 982, 982, 982, 982, 982, 982, 982, 983, 984, 985, 986, 975], ""2"": [963, 963, 963, 963, 963, 963, 963, 964, 965, 966, 966, 966, 966, 966, 966, 966, 966, 966, 966, 966, 966, 966, 966, 966, 967, 968, 969, 970, 970, 970, 970, 970, 970, 970, 970, 970, 970, 970, 970, 970, 970, 970, 971, 972, 973, 974, 963], ""3"": [963, 963, 963, 963, 963, 963, 963, 964, 965, 966, 966, 966, 966, 966, 966, 966, 966, 966, 966, 966, 966, 966, 966, 966, 967, 968, 969, 970, 970, 970, 970, 970, 970, 970, 970, 970, 970, 970, 970, 970, 970, 970, 971, 972, 973, 974, 963], ""4"": [963, 963, 963, 963, 963, 963, 963, 964, 965, 966, 966, 966, 966, 966, 966, 966, 966, 966, 966, 966, 966, 966, 966, 966, 967, 968, 969, 970, 970, 970, 970, 970, 970, 970, 970, 970, 970, 970, 970, 970, 970, 970, 971, 972, 973, 974, 963], ""5"": [975, 975, 975, 975, 975, 975, 975, 976, 977, 978, 978, 978, 978, 978, 978, 978, 978, 978, 978, 978, 978, 978, 978, 978, 979, 980, 981, 982, 982, 982, 982, 982, 982, 982, 982, 982, 982, 982, 982, 982, 982, 982, 983, 984, 985, 986, 975], ""6"": [987, 987, 987, 987, 987, 987, 987, 988, 989, 990, 990, 990, 990, 990, 990, 990, 990, 990, 990, 990, 990, 990, 990, 990, 991, 992, 993, 994, 994, 994, 994, 994, 994, 994, 994, 994, 994, 994, 994, 994, 994, 994, 995, 996, 997, 998, 987], ""7"": [987, 987, 987, 987, 987, 987, 987, 988, 989, 990, 990, 990, 990, 990, 990, 990, 990, 990, 990, 990, 990, 990, 990, 990, 991, 992, 993, 994, 994, 994, 994, 994, 994, 994, 994, 994, 994, 994, 994, 994, 994, 994, 995, 996, 997, 998, 987]}",{},"frame = min(count-1, floor(count*progress/duration)); duration from atomic length",Animals/tribe_11_stags/Sheets/cr_ani_body_00__deer01/j48_A004_animal_deer_male_wait_s309.png,Animals/tribe_11_stags/Sheets/cr_ani_body_00__deer01/j48_A004_animal_deer_male_wait_s309__shadow_mask.png,"[45, 67]","[25, 41]","[0, 1, 2, 3, 4, 5, 6, 7]",RENDERED,COMPATIBLE,[],PIXEL_CONFIRMED,Animals/tribe_11_stags/young_job48/metadata.json,Animals/tribe_11_stags/young_job48/index.html
11,Stags,animal,48,48,baby_animal,Young Animal,young,[48],310,48,False,atomic,5,animal_deer_male_baby_idle,100,[],,,0,,0,animal_deer_male_wait,animal_deer_male_wait,initial,0,Data\Engine2D\Bin\Bobs\CR_Ani_Body_00.bmd,Data\Engine2D\Bin\Bobs\CR_Ani_Body_00_s.bmd,,,[],deer01,,declared base palette (ordinal 0 of RNG list),[],"{""0"": [975, 975, 975, 975, 975, 975, 975, 976, 977, 978, 978, 978, 978, 978, 978, 978, 978, 978, 978, 978, 978, 978, 978, 978, 979, 980, 981, 982, 982, 982, 982, 982, 982, 982, 982, 982, 982, 982, 982, 982, 982, 982, 983, 984, 985, 986, 975], ""1"": [975, 975, 975, 975, 975, 975, 975, 976, 977, 978, 978, 978, 978, 978, 978, 978, 978, 978, 978, 978, 978, 978, 978, 978, 979, 980, 981, 982, 982, 982, 982, 982, 982, 982, 982, 982, 982, 982, 982, 982, 982, 982, 983, 984, 985, 986, 975], ""2"": [963, 963, 963, 963, 963, 963, 963, 964, 965, 966, 966, 966, 966, 966, 966, 966, 966, 966, 966, 966, 966, 966, 966, 966, 967, 968, 969, 970, 970, 970, 970, 970, 970, 970, 970, 970, 970, 970, 970, 970, 970, 970, 971, 972, 973, 974, 963], ""3"": [963, 963, 963, 963, 963, 963, 963, 964, 965, 966, 966, 966, 966, 966, 966, 966, 966, 966, 966, 966, 966, 966, 966, 966, 967, 968, 969, 970, 970, 970, 970, 970, 970, 970, 970, 970, 970, 970, 970, 970, 970, 970, 971, 972, 973, 974, 963], ""4"": [963, 963, 963, 963, 963, 963, 963, 964, 965, 966, 966, 966, 966, 966, 966, 966, 966, 966, 966, 966, 966, 966, 966, 966, 967, 968, 969, 970, 970, 970, 970, 970, 970, 970, 970, 970, 970, 970, 970, 970, 970, 970, 971, 972, 973, 974, 963], ""5"": [975, 975, 975, 975, 975, 975, 975, 976, 977, 978, 978, 978, 978, 978, 978, 978, 978, 978, 978, 978, 978, 978, 978, 978, 979, 980, 981, 982, 982, 982, 982, 982, 982, 982, 982, 982, 982, 982, 982, 982, 982, 982, 983, 984, 985, 986, 975], ""6"": [987, 987, 987, 987, 987, 987, 987, 988, 989, 990, 990, 990, 990, 990, 990, 990, 990, 990, 990, 990, 990, 990, 990, 990, 991, 992, 993, 994, 994, 994, 994, 994, 994, 994, 994, 994, 994, 994, 994, 994, 994, 994, 995, 996, 997, 998, 987], ""7"": [987, 987, 987, 987, 987, 987, 987, 988, 989, 990, 990, 990, 990, 990, 990, 990, 990, 990, 990, 990, 990, 990, 990, 990, 991, 992, 993, 994, 994, 994, 994, 994, 994, 994, 994, 994, 994, 994, 994, 994, 994, 994, 995, 996, 997, 998, 987]}",{},"frame = min(count-1, floor(count*progress/duration)); duration from atomic length",Animals/tribe_11_stags/Sheets/cr_ani_body_00__deer01/j48_A005_animal_deer_male_wait_s310.png,Animals/tribe_11_stags/Sheets/cr_ani_body_00__deer01/j48_A005_animal_deer_male_wait_s310__shadow_mask.png,"[45, 67]","[25, 41]","[0, 1, 2, 3, 4, 5, 6, 7]",RENDERED,COMPATIBLE,[],PIXEL_CONFIRMED,Animals/tribe_11_stags/young_job48/metadata.json,Animals/tribe_11_stags/young_job48/index.html
11,Stags,animal,48,48,baby_animal,Young Animal,young,[48],311,48,False,atomic,6,animal_deer_male_baby_idle,100,[],,,0,,0,animal_deer_male_wait,animal_deer_male_wait,initial,0,Data\Engine2D\Bin\Bobs\CR_Ani_Body_00.bmd,Data\Engine2D\Bin\Bobs\CR_Ani_Body_00_s.bmd,,,[],deer01,,declared base palette (ordinal 0 of RNG list),[],"{""0"": [975, 975, 975, 975, 975, 975, 975, 976, 977, 978, 978, 978, 978, 978, 978, 978, 978, 978, 978, 978, 978, 978, 978, 978, 979, 980, 981, 982, 982, 982, 982, 982, 982, 982, 982, 982, 982, 982, 982, 982, 982, 982, 983, 984, 985, 986, 975], ""1"": [975, 975, 975, 975, 975, 975, 975, 976, 977, 978, 978, 978, 978, 978, 978, 978, 978, 978, 978, 978, 978, 978, 978, 978, 979, 980, 981, 982, 982, 982, 982, 982, 982, 982, 982, 982, 982, 982, 982, 982, 982, 982, 983, 984, 985, 986, 975], ""2"": [963, 963, 963, 963, 963, 963, 963, 964, 965, 966, 966, 966, 966, 966, 966, 966, 966, 966, 966, 966, 966, 966, 966, 966, 967, 968, 969, 970, 970, 970, 970, 970, 970, 970, 970, 970, 970, 970, 970, 970, 970, 970, 971, 972, 973, 974, 963], ""3"": [963, 963, 963, 963, 963, 963, 963, 964, 965, 966, 966, 966, 966, 966, 966, 966, 966, 966, 966, 966, 966, 966, 966, 966, 967, 968, 969, 970, 970, 970, 970, 970, 970, 970, 970, 970, 970, 970, 970, 970, 970, 970, 971, 972, 973, 974, 963], ""4"": [963, 963, 963, 963, 963, 963, 963, 964, 965, 966, 966, 966, 966, 966, 966, 966, 966, 966, 966, 966, 966, 966, 966, 966, 967, 968, 969, 970, 970, 970, 970, 970, 970, 970, 970, 970, 970, 970, 970, 970, 970, 970, 971, 972, 973, 974, 963], ""5"": [975, 975, 975, 975, 975, 975, 975, 976, 977, 978, 978, 978, 978, 978, 978, 978, 978, 978, 978, 978, 978, 978, 978, 978, 979, 980, 981, 982, 982, 982, 982, 982, 982, 982, 982, 982, 982, 982, 982, 982, 982, 982, 983, 984, 985, 986, 975], ""6"": [987, 987, 987, 987, 987, 987, 987, 988, 989, 990, 990, 990, 990, 990, 990, 990, 990, 990, 990, 990, 990, 990, 990, 990, 991, 992, 993, 994, 994, 994, 994, 994, 994, 994, 994, 994, 994, 994, 994, 994, 994, 994, 995, 996, 997, 998, 987], ""7"": [987, 987, 987, 987, 987, 987, 987, 988, 989, 990, 990, 990, 990, 990, 990, 990, 990, 990, 990, 990, 990, 990, 990, 990, 991, 992, 993, 994, 994, 994, 994, 994, 994, 994, 994, 994, 994, 994, 994, 994, 994, 994, 995, 996, 997, 998, 987]}",{},"frame = min(count-1, floor(count*progress/duration)); duration from atomic length",Animals/tribe_11_stags/Sheets/cr_ani_body_00__deer01/j48_A006_animal_deer_male_wait_s311.png,Animals/tribe_11_stags/Sheets/cr_ani_body_00__deer01/j48_A006_animal_deer_male_wait_s311__shadow_mask.png,"[45, 67]","[25, 41]","[0, 1, 2, 3, 4, 5, 6, 7]",RENDERED,COMPATIBLE,[],PIXEL_CONFIRMED,Animals/tribe_11_stags/young_job48/metadata.json,Animals/tribe_11_stags/young_job48/index.html
11,Stags,animal,48,48,baby_animal,Young Animal,young,[48],312,48,False,atomic,7,animal_deer_male_baby_idle,100,[],,,0,,0,animal_deer_male_wait,animal_deer_male_wait,initial,0,Data\Engine2D\Bin\Bobs\CR_Ani_Body_00.bmd,Data\Engine2D\Bin\Bobs\CR_Ani_Body_00_s.bmd,,,[],deer01,,declared base palette (ordinal 0 of RNG list),[],"{""0"": [975, 975, 975, 975, 975, 975, 975, 976, 977, 978, 978, 978, 978, 978, 978, 978, 978, 978, 978, 978, 978, 978, 978, 978, 979, 980, 981, 982, 982, 982, 982, 982, 982, 982, 982, 982, 982, 982, 982, 982, 982, 982, 983, 984, 985, 986, 975], ""1"": [975, 975, 975, 975, 975, 975, 975, 976, 977, 978, 978, 978, 978, 978, 978, 978, 978, 978, 978, 978, 978, 978, 978, 978, 979, 980, 981, 982, 982, 982, 982, 982, 982, 982, 982, 982, 982, 982, 982, 982, 982, 982, 983, 984, 985, 986, 975], ""2"": [963, 963, 963, 963, 963, 963, 963, 964, 965, 966, 966, 966, 966, 966, 966, 966, 966, 966, 966, 966, 966, 966, 966, 966, 967, 968, 969, 970, 970, 970, 970, 970, 970, 970, 970, 970, 970, 970, 970, 970, 970, 970, 971, 972, 973, 974, 963], ""3"": [963, 963, 963, 963, 963, 963, 963, 964, 965, 966, 966, 966, 966, 966, 966, 966, 966, 966, 966, 966, 966, 966, 966, 966, 967, 968, 969, 970, 970, 970, 970, 970, 970, 970, 970, 970, 970, 970, 970, 970, 970, 970, 971, 972, 973, 974, 963], ""4"": [963, 963, 963, 963, 963, 963, 963, 964, 965, 966, 966, 966, 966, 966, 966, 966, 966, 966, 966, 966, 966, 966, 966, 966, 967, 968, 969, 970, 970, 970, 970, 970, 970, 970, 970, 970, 970, 970, 970, 970, 970, 970, 971, 972, 973, 974, 963], ""5"": [975, 975, 975, 975, 975, 975, 975, 976, 977, 978, 978, 978, 978, 978, 978, 978, 978, 978, 978, 978, 978, 978, 978, 978, 979, 980, 981, 982, 982, 982, 982, 982, 982, 982, 982, 982, 982, 982, 982, 982, 982, 982, 983, 984, 985, 986, 975], ""6"": [987, 987, 987, 987, 987, 987, 987, 988, 989, 990, 990, 990, 990, 990, 990, 990, 990, 990, 990, 990, 990, 990, 990, 990, 991, 992, 993, 994, 994, 994, 994, 994, 994, 994, 994, 994, 994, 994, 994, 994, 994, 994, 995, 996, 997, 998, 987], ""7"": [987, 987, 987, 987, 987, 987, 987, 988, 989, 990, 990, 990, 990, 990, 990, 990, 990, 990, 990, 990, 990, 990, 990, 990, 991, 992, 993, 994, 994, 994, 994, 994, 994, 994, 994, 994, 994, 994, 994, 994, 994, 994, 995, 996, 997, 998, 987]}",{},"frame = min(count-1, floor(count*progress/duration)); duration from atomic length",Animals/tribe_11_stags/Sheets/cr_ani_body_00__deer01/j48_A007_animal_deer_male_wait_s312.png,Animals/tribe_11_stags/Sheets/cr_ani_body_00__deer01/j48_A007_animal_deer_male_wait_s312__shadow_mask.png,"[45, 67]","[25, 41]","[0, 1, 2, 3, 4, 5, 6, 7]",RENDERED,COMPATIBLE,[],PIXEL_CONFIRMED,Animals/tribe_11_stags/young_job48/metadata.json,Animals/tribe_11_stags/young_job48/index.html
11,Stags,animal,48,48,baby_animal,Young Animal,young,[48],314,48,False,atomic,9,animal_bear_eat,20,[],,,0,,0,animal_deer_male_wait,animal_deer_male_wait,initial,0,Data\Engine2D\Bin\Bobs\CR_Ani_Body_00.bmd,Data\Engine2D\Bin\Bobs\CR_Ani_Body_00_s.bmd,,,[],deer01,,declared base palette (ordinal 0 of RNG list),[],"{""0"": [975, 975, 975, 975, 975, 975, 975, 976, 977, 978, 978, 978, 978, 978, 978, 978, 978, 978, 978, 978, 978, 978, 978, 978, 979, 980, 981, 982, 982, 982, 982, 982, 982, 982, 982, 982, 982, 982, 982, 982, 982, 982, 983, 984, 985, 986, 975], ""1"": [975, 975, 975, 975, 975, 975, 975, 976, 977, 978, 978, 978, 978, 978, 978, 978, 978, 978, 978, 978, 978, 978, 978, 978, 979, 980, 981, 982, 982, 982, 982, 982, 982, 982, 982, 982, 982, 982, 982, 982, 982, 982, 983, 984, 985, 986, 975], ""2"": [963, 963, 963, 963, 963, 963, 963, 964, 965, 966, 966, 966, 966, 966, 966, 966, 966, 966, 966, 966, 966, 966, 966, 966, 967, 968, 969, 970, 970, 970, 970, 970, 970, 970, 970, 970, 970, 970, 970, 970, 970, 970, 971, 972, 973, 974, 963], ""3"": [963, 963, 963, 963, 963, 963, 963, 964, 965, 966, 966, 966, 966, 966, 966, 966, 966, 966, 966, 966, 966, 966, 966, 966, 967, 968, 969, 970, 970, 970, 970, 970, 970, 970, 970, 970, 970, 970, 970, 970, 970, 970, 971, 972, 973, 974, 963], ""4"": [963, 963, 963, 963, 963, 963, 963, 964, 965, 966, 966, 966, 966, 966, 966, 966, 966, 966, 966, 966, 966, 966, 966, 966, 967, 968, 969, 970, 970, 970, 970, 970, 970, 970, 970, 970, 970, 970, 970, 970, 970, 970, 971, 972, 973, 974, 963], ""5"": [975, 975, 975, 975, 975, 975, 975, 976, 977, 978, 978, 978, 978, 978, 978, 978, 978, 978, 978, 978, 978, 978, 978, 978, 979, 980, 981, 982, 982, 982, 982, 982, 982, 982, 982, 982, 982, 982, 982, 982, 982, 982, 983, 984, 985, 986, 975], ""6"": [987, 987, 987, 987, 987, 987, 987, 988, 989, 990, 990, 990, 990, 990, 990, 990, 990, 990, 990, 990, 990, 990, 990, 990, 991, 992, 993, 994, 994, 994, 994, 994, 994, 994, 994, 994, 994, 994, 994, 994, 994, 994, 995, 996, 997, 998, 987], ""7"": [987, 987, 987, 987, 987, 987, 987, 988, 989, 990, 990, 990, 990, 990, 990, 990, 990, 990, 990, 990, 990, 990, 990, 990, 991, 992, 993, 994, 994, 994, 994, 994, 994, 994, 994, 994, 994, 994, 994, 994, 994, 994, 995, 996, 997, 998, 987]}",{},"frame = min(count-1, floor(count*progress/duration)); duration from atomic length",Animals/tribe_11_stags/Sheets/cr_ani_body_00__deer01/j48_A009_animal_deer_male_wait_s314.png,Animals/tribe_11_stags/Sheets/cr_ani_body_00__deer01/j48_A009_animal_deer_male_wait_s314__shadow_mask.png,"[45, 67]","[25, 41]","[0, 1, 2, 3, 4, 5, 6, 7]",RENDERED,COMPATIBLE,[],PIXEL_CONFIRMED,Animals/tribe_11_stags/young_job48/metadata.json,Animals/tribe_11_stags/young_job48/index.html
11,Stags,animal,48,48,baby_animal,Young Animal,young,[48],1126,48,False,walk,,,,[],0,,,100000,0,animal_deer_male_walk,animal_deer_male_walk,initial,0,Data\Engine2D\Bin\Bobs\CR_Ani_Body_00.bmd,Data\Engine2D\Bin\Bobs\CR_Ani_Body_00_s.bmd,,,[],deer01,,declared base palette (ordinal 0 of RNG list),[],"{""0"": [1083, 1084, 1085, 1086, 1087, 1088, 1089, 1090, 1091, 1092, 1093, 1094], ""1"": [1095, 1096, 1097, 1098, 1099, 1100, 1101, 1102, 1103, 1104, 1105, 1106], ""2"": [1035, 1036, 1037, 1038, 1039, 1040, 1041, 1042, 1043, 1044, 1045, 1046], ""3"": [1047, 1048, 1049, 1050, 1051, 1052, 1053, 1054, 1055, 1056, 1057, 1058], ""4"": [1059, 1060, 1061, 1062, 1063, 1064, 1065, 1066, 1067, 1068, 1069, 1070], ""5"": [1071, 1072, 1073, 1074, 1075, 1076, 1077, 1078, 1079, 1080, 1081, 1082], ""6"": [1119, 1120, 1121, 1122, 1123, 1124, 1125, 1126, 1127, 1128, 1129, 1130], ""7"": [1107, 1108, 1109, 1110, 1111, 1112, 1113, 1114, 1115, 1116, 1117, 1118]}",{},frame = frameTick % count (walk; caller frame tick),Animals/tribe_11_stags/Sheets/cr_ani_body_00__deer01/j48_W000_animal_deer_male_walk_s1126.png,Animals/tribe_11_stags/Sheets/cr_ani_body_00__deer01/j48_W000_animal_deer_male_walk_s1126__shadow_mask.png,"[48, 66]","[28, 46]","[0, 1, 2, 3, 4, 5, 6, 7]",RENDERED,COMPATIBLE,[],PIXEL_CONFIRMED,Animals/tribe_11_stags/young_job48/metadata.json,Animals/tribe_11_stags/young_job48/index.html
11,Stags,animal,49,49,adult_animal,Animal,adult,"[49, 48]",320,49,False,atomic,2,animal_deer_male_adult_idle,100,[],,,0,,0,animal_deer_male_wait,animal_deer_male_wait,initial,0,Data\Engine2D\Bin\Bobs\CR_Ani_Body_00.bmd,Data\Engine2D\Bin\Bobs\CR_Ani_Body_00_s.bmd,,,[],deer01,,declared base palette (ordinal 0 of RNG list),[],"{""0"": [975, 975, 975, 975, 975, 975, 975, 976, 977, 978, 978, 978, 978, 978, 978, 978, 978, 978, 978, 978, 978, 978, 978, 978, 979, 980, 981, 982, 982, 982, 982, 982, 982, 982, 982, 982, 982, 982, 982, 982, 982, 982, 983, 984, 985, 986, 975], ""1"": [975, 975, 975, 975, 975, 975, 975, 976, 977, 978, 978, 978, 978, 978, 978, 978, 978, 978, 978, 978, 978, 978, 978, 978, 979, 980, 981, 982, 982, 982, 982, 982, 982, 982, 982, 982, 982, 982, 982, 982, 982, 982, 983, 984, 985, 986, 975], ""2"": [963, 963, 963, 963, 963, 963, 963, 964, 965, 966, 966, 966, 966, 966, 966, 966, 966, 966, 966, 966, 966, 966, 966, 966, 967, 968, 969, 970, 970, 970, 970, 970, 970, 970, 970, 970, 970, 970, 970, 970, 970, 970, 971, 972, 973, 974, 963], ""3"": [963, 963, 963, 963, 963, 963, 963, 964, 965, 966, 966, 966, 966, 966, 966, 966, 966, 966, 966, 966, 966, 966, 966, 966, 967, 968, 969, 970, 970, 970, 970, 970, 970, 970, 970, 970, 970, 970, 970, 970, 970, 970, 971, 972, 973, 974, 963], ""4"": [963, 963, 963, 963, 963, 963, 963, 964, 965, 966, 966, 966, 966, 966, 966, 966, 966, 966, 966, 966, 966, 966, 966, 966, 967, 968, 969, 970, 970, 970, 970, 970, 970, 970, 970, 970, 970, 970, 970, 970, 970, 970, 971, 972, 973, 974, 963], ""5"": [975, 975, 975, 975, 975, 975, 975, 976, 977, 978, 978, 978, 978, 978, 978, 978, 978, 978, 978, 978, 978, 978, 978, 978, 979, 980, 981, 982, 982, 982, 982, 982, 982, 982, 982, 982, 982, 982, 982, 982, 982, 982, 983, 984, 985, 986, 975], ""6"": [987, 987, 987, 987, 987, 987, 987, 988, 989, 990, 990, 990, 990, 990, 990, 990, 990, 990, 990, 990, 990, 990, 990, 990, 991, 992, 993, 994, 994, 994, 994, 994, 994, 994, 994, 994, 994, 994, 994, 994, 994, 994, 995, 996, 997, 998, 987], ""7"": [987, 987, 987, 987, 987, 987, 987, 988, 989, 990, 990, 990, 990, 990, 990, 990, 990, 990, 990, 990, 990, 990, 990, 990, 991, 992, 993, 994, 994, 994, 994, 994, 994, 994, 994, 994, 994, 994, 994, 994, 994, 994, 995, 996, 997, 998, 987]}",{},"frame = min(count-1, floor(count*progress/duration)); duration from atomic length",Animals/tribe_11_stags/Sheets/cr_ani_body_00__deer01/j49_A002_animal_deer_male_wait_s320.png,Animals/tribe_11_stags/Sheets/cr_ani_body_00__deer01/j49_A002_animal_deer_male_wait_s320__shadow_mask.png,"[45, 67]","[25, 41]","[0, 1, 2, 3, 4, 5, 6, 7]",RENDERED,COMPATIBLE,[],PIXEL_CONFIRMED,Animals/tribe_11_stags/adult_job49/metadata.json,Animals/tribe_11_stags/adult_job49/index.html
11,Stags,animal,49,49,adult_animal,Animal,adult,"[49, 48]",315,49,False,atomic,3,animal_deer_male_adult_idle,100,[],,,0,,0,animal_deer_male_wait,animal_deer_male_wait,initial,0,Data\Engine2D\Bin\Bobs\CR_Ani_Body_00.bmd,Data\Engine2D\Bin\Bobs\CR_Ani_Body_00_s.bmd,,,[],deer01,,declared base palette (ordinal 0 of RNG list),[],"{""0"": [975, 975, 975, 975, 975, 975, 975, 976, 977, 978, 978, 978, 978, 978, 978, 978, 978, 978, 978, 978, 978, 978, 978, 978, 979, 980, 981, 982, 982, 982, 982, 982, 982, 982, 982, 982, 982, 982, 982, 982, 982, 982, 983, 984, 985, 986, 975], ""1"": [975, 975, 975, 975, 975, 975, 975, 976, 977, 978, 978, 978, 978, 978, 978, 978, 978, 978, 978, 978, 978, 978, 978, 978, 979, 980, 981, 982, 982, 982, 982, 982, 982, 982, 982, 982, 982, 982, 982, 982, 982, 982, 983, 984, 985, 986, 975], ""2"": [963, 963, 963, 963, 963, 963, 963, 964, 965, 966, 966, 966, 966, 966, 966, 966, 966, 966, 966, 966, 966, 966, 966, 966, 967, 968, 969, 970, 970, 970, 970, 970, 970, 970, 970, 970, 970, 970, 970, 970, 970, 970, 971, 972, 973, 974, 963], ""3"": [963, 963, 963, 963, 963, 963, 963, 964, 965, 966, 966, 966, 966, 966, 966, 966, 966, 966, 966, 966, 966, 966, 966, 966, 967, 968, 969, 970, 970, 970, 970, 970, 970, 970, 970, 970, 970, 970, 970, 970, 970, 970, 971, 972, 973, 974, 963], ""4"": [963, 963, 963, 963, 963, 963, 963, 964, 965, 966, 966, 966, 966, 966, 966, 966, 966, 966, 966, 966, 966, 966, 966, 966, 967, 968, 969, 970, 970, 970, 970, 970, 970, 970, 970, 970, 970, 970, 970, 970, 970, 970, 971, 972, 973, 974, 963], ""5"": [975, 975, 975, 975, 975, 975, 975, 976, 977, 978, 978, 978, 978, 978, 978, 978, 978, 978, 978, 978, 978, 978, 978, 978, 979, 980, 981, 982, 982, 982, 982, 982, 982, 982, 982, 982, 982, 982, 982, 982, 982, 982, 983, 984, 985, 986, 975], ""6"": [987, 987, 987, 987, 987, 987, 987, 988, 989, 990, 990, 990, 990, 990, 990, 990, 990, 990, 990, 990, 990, 990, 990, 990, 991, 992, 993, 994, 994, 994, 994, 994, 994, 994, 994, 994, 994, 994, 994, 994, 994, 994, 995, 996, 997, 998, 987], ""7"": [987, 987, 987, 987, 987, 987, 987, 988, 989, 990, 990, 990, 990, 990, 990, 990, 990, 990, 990, 990, 990, 990, 990, 990, 991, 992, 993, 994, 994, 994, 994, 994, 994, 994, 994, 994, 994, 994, 994, 994, 994, 994, 995, 996, 997, 998, 987]}",{},"frame = min(count-1, floor(count*progress/duration)); duration from atomic length",Animals/tribe_11_stags/Sheets/cr_ani_body_00__deer01/j49_A003_animal_deer_male_wait_s315.png,Animals/tribe_11_stags/Sheets/cr_ani_body_00__deer01/j49_A003_animal_deer_male_wait_s315__shadow_mask.png,"[45, 67]","[25, 41]","[0, 1, 2, 3, 4, 5, 6, 7]",RENDERED,COMPATIBLE,[],PIXEL_CONFIRMED,Animals/tribe_11_stags/adult_job49/metadata.json,Animals/tribe_11_stags/adult_job49/index.html
11,Stags,animal,49,49,adult_animal,Animal,adult,"[49, 48]",316,49,False,atomic,4,animal_deer_male_adult_idle,100,[],,,0,,0,animal_deer_male_wait,animal_deer_male_wait,initial,0,Data\Engine2D\Bin\Bobs\CR_Ani_Body_00.bmd,Data\Engine2D\Bin\Bobs\CR_Ani_Body_00_s.bmd,,,[],deer01,,declared base palette (ordinal 0 of RNG list),[],"{""0"": [975, 975, 975, 975, 975, 975, 975, 976, 977, 978, 978, 978, 978, 978, 978, 978, 978, 978, 978, 978, 978, 978, 978, 978, 979, 980, 981, 982, 982, 982, 982, 982, 982, 982, 982, 982, 982, 982, 982, 982, 982, 982, 983, 984, 985, 986, 975], ""1"": [975, 975, 975, 975, 975, 975, 975, 976, 977, 978, 978, 978, 978, 978, 978, 978, 978, 978, 978, 978, 978, 978, 978, 978, 979, 980, 981, 982, 982, 982, 982, 982, 982, 982, 982, 982, 982, 982, 982, 982, 982, 982, 983, 984, 985, 986, 975], ""2"": [963, 963, 963, 963, 963, 963, 963, 964, 965, 966, 966, 966, 966, 966, 966, 966, 966, 966, 966, 966, 966, 966, 966, 966, 967, 968, 969, 970, 970, 970, 970, 970, 970, 970, 970, 970, 970, 970, 970, 970, 970, 970, 971, 972, 973, 974, 963], ""3"": [963, 963, 963, 963, 963, 963, 963, 964, 965, 966, 966, 966, 966, 966, 966, 966, 966, 966, 966, 966, 966, 966, 966, 966, 967, 968, 969, 970, 970, 970, 970, 970, 970, 970, 970, 970, 970, 970, 970, 970, 970, 970, 971, 972, 973, 974, 963], ""4"": [963, 963, 963, 963, 963, 963, 963, 964, 965, 966, 966, 966, 966, 966, 966, 966, 966, 966, 966, 966, 966, 966, 966, 966, 967, 968, 969, 970, 970, 970, 970, 970, 970, 970, 970, 970, 970, 970, 970, 970, 970, 970, 971, 972, 973, 974, 963], ""5"": [975, 975, 975, 975, 975, 975, 975, 976, 977, 978, 978, 978, 978, 978, 978, 978, 978, 978, 978, 978, 978, 978, 978, 978, 979, 980, 981, 982, 982, 982, 982, 982, 982, 982, 982, 982, 982, 982, 982, 982, 982, 982, 983, 984, 985, 986, 975], ""6"": [987, 987, 987, 987, 987, 987, 987, 988, 989, 990, 990, 990, 990, 990, 990, 990, 990, 990, 990, 990, 990, 990, 990, 990, 991, 992, 993, 994, 994, 994, 994, 994, 994, 994, 994, 994, 994, 994, 994, 994, 994, 994, 995, 996, 997, 998, 987], ""7"": [987, 987, 987, 987, 987, 987, 987, 988, 989, 990, 990, 990, 990, 990, 990, 990, 990, 990, 990, 990, 990, 990, 990, 990, 991, 992, 993, 994, 994, 994, 994, 994, 994, 994, 994, 994, 994, 994, 994, 994, 994, 994, 995, 996, 997, 998, 987]}",{},"frame = min(count-1, floor(count*progress/duration)); duration from atomic length",Animals/tribe_11_stags/Sheets/cr_ani_body_00__deer01/j49_A004_animal_deer_male_wait_s316.png,Animals/tribe_11_stags/Sheets/cr_ani_body_00__deer01/j49_A004_animal_deer_male_wait_s316__shadow_mask.png,"[45, 67]","[25, 41]","[0, 1, 2, 3, 4, 5, 6, 7]",RENDERED,COMPATIBLE,[],PIXEL_CONFIRMED,Animals/tribe_11_stags/adult_job49/metadata.json,Animals/tribe_11_stags/adult_job49/index.html
11,Stags,animal,49,49,adult_animal,Animal,adult,"[49, 48]",317,49,False,atomic,5,animal_deer_male_adult_idle,100,[],,,0,,0,animal_deer_male_wait,animal_deer_male_wait,initial,0,Data\Engine2D\Bin\Bobs\CR_Ani_Body_00.bmd,Data\Engine2D\Bin\Bobs\CR_Ani_Body_00_s.bmd,,,[],deer01,,declared base palette (ordinal 0 of RNG list),[],"{""0"": [975, 975, 975, 975, 975, 975, 975, 976, 977, 978, 978, 978, 978, 978, 978, 978, 978, 978, 978, 978, 978, 978, 978, 978, 979, 980, 981, 982, 982, 982, 982, 982, 982, 982, 982, 982, 982, 982, 982, 982, 982, 982, 983, 984, 985, 986, 975], ""1"": [975, 975, 975, 975, 975, 975, 975, 976, 977, 978, 978, 978, 978, 978, 978, 978, 978, 978, 978, 978, 978, 978, 978, 978, 979, 980, 981, 982, 982, 982, 982, 982, 982, 982, 982, 982, 982, 982, 982, 982, 982, 982, 983, 984, 985, 986, 975], ""2"": [963, 963, 963, 963, 963, 963, 963, 964, 965, 966, 966, 966, 966, 966, 966, 966, 966, 966, 966, 966, 966, 966, 966, 966, 967, 968, 969, 970, 970, 970, 970, 970, 970, 970, 970, 970, 970, 970, 970, 970, 970, 970, 971, 972, 973, 974, 963], ""3"": [963, 963, 963, 963, 963, 963, 963, 964, 965, 966, 966, 966, 966, 966, 966, 966, 966, 966, 966, 966, 966, 966, 966, 966, 967, 968, 969, 970, 970, 970, 970, 970, 970, 970, 970, 970, 970, 970, 970, 970, 970, 970, 971, 972, 973, 974, 963], ""4"": [963, 963, 963, 963, 963, 963, 963, 964, 965, 966, 966, 966, 966, 966, 966, 966, 966, 966, 966, 966, 966, 966, 966, 966, 967, 968, 969, 970, 970, 970, 970, 970, 970, 970, 970, 970, 970, 970, 970, 970, 970, 970, 971, 972, 973, 974, 963], ""5"": [975, 975, 975, 975, 975, 975, 975, 976, 977, 978, 978, 978, 978, 978, 978, 978, 978, 978, 978, 978, 978, 978, 978, 978, 979, 980, 981, 982, 982, 982, 982, 982, 982, 982, 982, 982, 982, 982, 982, 982, 982, 982, 983, 984, 985, 986, 975], ""6"": [987, 987, 987, 987, 987, 987, 987, 988, 989, 990, 990, 990, 990, 990, 990, 990, 990, 990, 990, 990, 990, 990, 990, 990, 991, 992, 993, 994, 994, 994, 994, 994, 994, 994, 994, 994, 994, 994, 994, 994, 994, 994, 995, 996, 997, 998, 987], ""7"": [987, 987, 987, 987, 987, 987, 987, 988, 989, 990, 990, 990, 990, 990, 990, 990, 990, 990, 990, 990, 990, 990, 990, 990, 991, 992, 993, 994, 994, 994, 994, 994, 994, 994, 994, 994, 994, 994, 994, 994, 994, 994, 995, 996, 997, 998, 987]}",{},"frame = min(count-1, floor(count*progress/duration)); duration from atomic length",Animals/tribe_11_stags/Sheets/cr_ani_body_00__deer01/j49_A005_animal_deer_male_wait_s317.png,Animals/tribe_11_stags/Sheets/cr_ani_body_00__deer01/j49_A005_animal_deer_male_wait_s317__shadow_mask.png,"[45, 67]","[25, 41]","[0, 1, 2, 3, 4, 5, 6, 7]",RENDERED,COMPATIBLE,[],PIXEL_CONFIRMED,Animals/tribe_11_stags/adult_job49/metadata.json,Animals/tribe_11_stags/adult_job49/index.html
11,Stags,animal,49,49,adult_animal,Animal,adult,"[49, 48]",318,49,False,atomic,6,animal_deer_male_adult_idle,100,[],,,0,,0,animal_deer_male_wait,animal_deer_male_wait,initial,0,Data\Engine2D\Bin\Bobs\CR_Ani_Body_00.bmd,Data\Engine2D\Bin\Bobs\CR_Ani_Body_00_s.bmd,,,[],deer01,,declared base palette (ordinal 0 of RNG list),[],"{""0"": [975, 975, 975, 975, 975, 975, 975, 976, 977, 978, 978, 978, 978, 978, 978, 978, 978, 978, 978, 978, 978, 978, 978, 978, 979, 980, 981, 982, 982, 982, 982, 982, 982, 982, 982, 982, 982, 982, 982, 982, 982, 982, 983, 984, 985, 986, 975], ""1"": [975, 975, 975, 975, 975, 975, 975, 976, 977, 978, 978, 978, 978, 978, 978, 978, 978, 978, 978, 978, 978, 978, 978, 978, 979, 980, 981, 982, 982, 982, 982, 982, 982, 982, 982, 982, 982, 982, 982, 982, 982, 982, 983, 984, 985, 986, 975], ""2"": [963, 963, 963, 963, 963, 963, 963, 964, 965, 966, 966, 966, 966, 966, 966, 966, 966, 966, 966, 966, 966, 966, 966, 966, 967, 968, 969, 970, 970, 970, 970, 970, 970, 970, 970, 970, 970, 970, 970, 970, 970, 970, 971, 972, 973, 974, 963], ""3"": [963, 963, 963, 963, 963, 963, 963, 964, 965, 966, 966, 966, 966, 966, 966, 966, 966, 966, 966, 966, 966, 966, 966, 966, 967, 968, 969, 970, 970, 970, 970, 970, 970, 970, 970, 970, 970, 970, 970, 970, 970, 970, 971, 972, 973, 974, 963], ""4"": [963, 963, 963, 963, 963, 963, 963, 964, 965, 966, 966, 966, 966, 966, 966, 966, 966, 966, 966, 966, 966, 966, 966, 966, 967, 968, 969, 970, 970, 970, 970, 970, 970, 970, 970, 970, 970, 970, 970, 970, 970, 970, 971, 972, 973, 974, 963], ""5"": [975, 975, 975, 975, 975, 975, 975, 976, 977, 978, 978, 978, 978, 978, 978, 978, 978, 978, 978, 978, 978, 978, 978, 978, 979, 980, 981, 982, 982, 982, 982, 982, 982, 982, 982, 982, 982, 982, 982, 982, 982, 982, 983, 984, 985, 986, 975], ""6"": [987, 987, 987, 987, 987, 987, 987, 988, 989, 990, 990, 990, 990, 990, 990, 990, 990, 990, 990, 990, 990, 990, 990, 990, 991, 992, 993, 994, 994, 994, 994, 994, 994, 994, 994, 994, 994, 994, 994, 994, 994, 994, 995, 996, 997, 998, 987], ""7"": [987, 987, 987, 987, 987, 987, 987, 988, 989, 990, 990, 990, 990, 990, 990, 990, 990, 990, 990, 990, 990, 990, 990, 990, 991, 992, 993, 994, 994, 994, 994, 994, 994, 994, 994, 994, 994, 994, 994, 994, 994, 994, 995, 996, 997, 998, 987]}",{},"frame = min(count-1, floor(count*progress/duration)); duration from atomic length",Animals/tribe_11_stags/Sheets/cr_ani_body_00__deer01/j49_A006_animal_deer_male_wait_s318.png,Animals/tribe_11_stags/Sheets/cr_ani_body_00__deer01/j49_A006_animal_deer_male_wait_s318__shadow_mask.png,"[45, 67]","[25, 41]","[0, 1, 2, 3, 4, 5, 6, 7]",RENDERED,COMPATIBLE,[],PIXEL_CONFIRMED,Animals/tribe_11_stags/adult_job49/metadata.json,Animals/tribe_11_stags/adult_job49/index.html
11,Stags,animal,49,49,adult_animal,Animal,adult,"[49, 48]",319,49,False,atomic,7,animal_deer_male_adult_idle,100,[],,,0,,0,animal_deer_male_wait,animal_deer_male_wait,initial,0,Data\Engine2D\Bin\Bobs\CR_Ani_Body_00.bmd,Data\Engine2D\Bin\Bobs\CR_Ani_Body_00_s.bmd,,,[],deer01,,declared base palette (ordinal 0 of RNG list),[],"{""0"": [975, 975, 975, 975, 975, 975, 975, 976, 977, 978, 978, 978, 978, 978, 978, 978, 978, 978, 978, 978, 978, 978, 978, 978, 979, 980, 981, 982, 982, 982, 982, 982, 982, 982, 982, 982, 982, 982, 982, 982, 982, 982, 983, 984, 985, 986, 975], ""1"": [975, 975, 975, 975, 975, 975, 975, 976, 977, 978, 978, 978, 978, 978, 978, 978, 978, 978, 978, 978, 978, 978, 978, 978, 979, 980, 981, 982, 982, 982, 982, 982, 982, 982, 982, 982, 982, 982, 982, 982, 982, 982, 983, 984, 985, 986, 975], ""2"": [963, 963, 963, 963, 963, 963, 963, 964, 965, 966, 966, 966, 966, 966, 966, 966, 966, 966, 966, 966, 966, 966, 966, 966, 967, 968, 969, 970, 970, 970, 970, 970, 970, 970, 970, 970, 970, 970, 970, 970, 970, 970, 971, 972, 973, 974, 963], ""3"": [963, 963, 963, 963, 963, 963, 963, 964, 965, 966, 966, 966, 966, 966, 966, 966, 966, 966, 966, 966, 966, 966, 966, 966, 967, 968, 969, 970, 970, 970, 970, 970, 970, 970, 970, 970, 970, 970, 970, 970, 970, 970, 971, 972, 973, 974, 963], ""4"": [963, 963, 963, 963, 963, 963, 963, 964, 965, 966, 966, 966, 966, 966, 966, 966, 966, 966, 966, 966, 966, 966, 966, 966, 967, 968, 969, 970, 970, 970, 970, 970, 970, 970, 970, 970, 970, 970, 970, 970, 970, 970, 971, 972, 973, 974, 963], ""5"": [975, 975, 975, 975, 975, 975, 975, 976, 977, 978, 978, 978, 978, 978, 978, 978, 978, 978, 978, 978, 978, 978, 978, 978, 979, 980, 981, 982, 982, 982, 982, 982, 982, 982, 982, 982, 982, 982, 982, 982, 982, 982, 983, 984, 985, 986, 975], ""6"": [987, 987, 987, 987, 987, 987, 987, 988, 989, 990, 990, 990, 990, 990, 990, 990, 990, 990, 990, 990, 990, 990, 990, 990, 991, 992, 993, 994, 994, 994, 994, 994, 994, 994, 994, 994, 994, 994, 994, 994, 994, 994, 995, 996, 997, 998, 987], ""7"": [987, 987, 987, 987, 987, 987, 987, 988, 989, 990, 990, 990, 990, 990, 990, 990, 990, 990, 990, 990, 990, 990, 990, 990, 991, 992, 993, 994, 994, 994, 994, 994, 994, 994, 994, 994, 994, 994, 994, 994, 994, 994, 995, 996, 997, 998, 987]}",{},"frame = min(count-1, floor(count*progress/duration)); duration from atomic length",Animals/tribe_11_stags/Sheets/cr_ani_body_00__deer01/j49_A007_animal_deer_male_wait_s319.png,Animals/tribe_11_stags/Sheets/cr_ani_body_00__deer01/j49_A007_animal_deer_male_wait_s319__shadow_mask.png,"[45, 67]","[25, 41]","[0, 1, 2, 3, 4, 5, 6, 7]",RENDERED,COMPATIBLE,[],PIXEL_CONFIRMED,Animals/tribe_11_stags/adult_job49/metadata.json,Animals/tribe_11_stags/adult_job49/index.html
11,Stags,animal,49,49,adult_animal,Animal,adult,"[49, 48]",321,49,False,atomic,9,animal_bear_eat,20,[],,,0,,0,animal_deer_male_wait,animal_deer_male_wait,initial,0,Data\Engine2D\Bin\Bobs\CR_Ani_Body_00.bmd,Data\Engine2D\Bin\Bobs\CR_Ani_Body_00_s.bmd,,,[],deer01,,declared base palette (ordinal 0 of RNG list),[],"{""0"": [975, 975, 975, 975, 975, 975, 975, 976, 977, 978, 978, 978, 978, 978, 978, 978, 978, 978, 978, 978, 978, 978, 978, 978, 979, 980, 981, 982, 982, 982, 982, 982, 982, 982, 982, 982, 982, 982, 982, 982, 982, 982, 983, 984, 985, 986, 975], ""1"": [975, 975, 975, 975, 975, 975, 975, 976, 977, 978, 978, 978, 978, 978, 978, 978, 978, 978, 978, 978, 978, 978, 978, 978, 979, 980, 981, 982, 982, 982, 982, 982, 982, 982, 982, 982, 982, 982, 982, 982, 982, 982, 983, 984, 985, 986, 975], ""2"": [963, 963, 963, 963, 963, 963, 963, 964, 965, 966, 966, 966, 966, 966, 966, 966, 966, 966, 966, 966, 966, 966, 966, 966, 967, 968, 969, 970, 970, 970, 970, 970, 970, 970, 970, 970, 970, 970, 970, 970, 970, 970, 971, 972, 973, 974, 963], ""3"": [963, 963, 963, 963, 963, 963, 963, 964, 965, 966, 966, 966, 966, 966, 966, 966, 966, 966, 966, 966, 966, 966, 966, 966, 967, 968, 969, 970, 970, 970, 970, 970, 970, 970, 970, 970, 970, 970, 970, 970, 970, 970, 971, 972, 973, 974, 963], ""4"": [963, 963, 963, 963, 963, 963, 963, 964, 965, 966, 966, 966, 966, 966, 966, 966, 966, 966, 966, 966, 966, 966, 966, 966, 967, 968, 969, 970, 970, 970, 970, 970, 970, 970, 970, 970, 970, 970, 970, 970, 970, 970, 971, 972, 973, 974, 963], ""5"": [975, 975, 975, 975, 975, 975, 975, 976, 977, 978, 978, 978, 978, 978, 978, 978, 978, 978, 978, 978, 978, 978, 978, 978, 979, 980, 981, 982, 982, 982, 982, 982, 982, 982, 982, 982, 982, 982, 982, 982, 982, 982, 983, 984, 985, 986, 975], ""6"": [987, 987, 987, 987, 987, 987, 987, 988, 989, 990, 990, 990, 990, 990, 990, 990, 990, 990, 990, 990, 990, 990, 990, 990, 991, 992, 993, 994, 994, 994, 994, 994, 994, 994, 994, 994, 994, 994, 994, 994, 994, 994, 995, 996, 997, 998, 987], ""7"": [987, 987, 987, 987, 987, 987, 987, 988, 989, 990, 990, 990, 990, 990, 990, 990, 990, 990, 990, 990, 990, 990, 990, 990, 991, 992, 993, 994, 994, 994, 994, 994, 994, 994, 994, 994, 994, 994, 994, 994, 994, 994, 995, 996, 997, 998, 987]}",{},"frame = min(count-1, floor(count*progress/duration)); duration from atomic length",Animals/tribe_11_stags/Sheets/cr_ani_body_00__deer01/j49_A009_animal_deer_male_wait_s321.png,Animals/tribe_11_stags/Sheets/cr_ani_body_00__deer01/j49_A009_animal_deer_male_wait_s321__shadow_mask.png,"[45, 67]","[25, 41]","[0, 1, 2, 3, 4, 5, 6, 7]",RENDERED,COMPATIBLE,[],PIXEL_CONFIRMED,Animals/tribe_11_stags/adult_job49/metadata.json,Animals/tribe_11_stags/adult_job49/index.html
11,Stags,animal,49,49,adult_animal,Animal,adult,"[49, 48]",1127,49,False,walk,,,,[],0,,,100000,0,animal_deer_male_walk,animal_deer_male_walk,initial,0,Data\Engine2D\Bin\Bobs\CR_Ani_Body_00.bmd,Data\Engine2D\Bin\Bobs\CR_Ani_Body_00_s.bmd,,,[],deer01,,declared base palette (ordinal 0 of RNG list),[],"{""0"": [1083, 1084, 1085, 1086, 1087, 1088, 1089, 1090, 1091, 1092, 1093, 1094], ""1"": [1095, 1096, 1097, 1098, 1099, 1100, 1101, 1102, 1103, 1104, 1105, 1106], ""2"": [1035, 1036, 1037, 1038, 1039, 1040, 1041, 1042, 1043, 1044, 1045, 1046], ""3"": [1047, 1048, 1049, 1050, 1051, 1052, 1053, 1054, 1055, 1056, 1057, 1058], ""4"": [1059, 1060, 1061, 1062, 1063, 1064, 1065, 1066, 1067, 1068, 1069, 1070], ""5"": [1071, 1072, 1073, 1074, 1075, 1076, 1077, 1078, 1079, 1080, 1081, 1082], ""6"": [1119, 1120, 1121, 1122, 1123, 1124, 1125, 1126, 1127, 1128, 1129, 1130], ""7"": [1107, 1108, 1109, 1110, 1111, 1112, 1113, 1114, 1115, 1116, 1117, 1118]}",{},frame = frameTick % count (walk; caller frame tick),Animals/tribe_11_stags/Sheets/cr_ani_body_00__deer01/j49_W000_animal_deer_male_walk_s1127.png,Animals/tribe_11_stags/Sheets/cr_ani_body_00__deer01/j49_W000_animal_deer_male_walk_s1127__shadow_mask.png,"[48, 66]","[28, 46]","[0, 1, 2, 3, 4, 5, 6, 7]",RENDERED,COMPATIBLE,[],PIXEL_CONFIRMED,Animals/tribe_11_stags/adult_job49/metadata.json,Animals/tribe_11_stags/adult_job49/index.html
12,Deer,animal,48,48,baby_animal,Young Animal,young,[48],327,48,False,atomic,2,animal_deer_female_baby_idle,100,[],,,0,,0,animal_deer_female_wait,animal_deer_female_wait,initial,0,Data\Engine2D\Bin\Bobs\CR_Ani_Body_00.bmd,Data\Engine2D\Bin\Bobs\CR_Ani_Body_00_s.bmd,,,[],deer01,,declared base palette (ordinal 0 of RNG list),[],"{""0"": [843, 843, 843, 843, 843, 843, 843, 844, 845, 846, 846, 846, 846, 846, 846, 846, 846, 846, 846, 846, 846, 846, 846, 846, 847, 848, 849, 850, 850, 850, 850, 850, 850, 850, 850, 850, 850, 850, 850, 850, 850, 850, 851, 852, 853, 854, 843], ""1"": [843, 843, 843, 843, 843, 843, 843, 844, 845, 846, 846, 846, 846, 846, 846, 846, 846, 846, 846, 846, 846, 846, 846, 846, 847, 848, 849, 850, 850, 850, 850, 850, 850, 850, 850, 850, 850, 850, 850, 850, 850, 850, 851, 852, 853, 854, 843], ""2"": [831, 831, 831, 831, 831, 831, 831, 832, 833, 834, 834, 834, 834, 834, 834, 834, 834, 834, 834, 834, 834, 834, 834, 834, 835, 836, 837, 838, 838, 838, 838, 838, 838, 838, 838, 838, 838, 838, 838, 838, 838, 838, 839, 840, 841, 842, 831], ""3"": [831, 831, 831, 831, 831, 831, 831, 832, 833, 834, 834, 834, 834, 834, 834, 834, 834, 834, 834, 834, 834, 834, 834, 834, 835, 836, 837, 838, 838, 838, 838, 838, 838, 838, 838, 838, 838, 838, 838, 838, 838, 838, 839, 840, 841, 842, 831], ""4"": [831, 831, 831, 831, 831, 831, 831, 832, 833, 834, 834, 834, 834, 834, 834, 834, 834, 834, 834, 834, 834, 834, 834, 834, 835, 836, 837, 838, 838, 838, 838, 838, 838, 838, 838, 838, 838, 838, 838, 838, 838, 838, 839, 840, 841, 842, 831], ""5"": [843, 843, 843, 843, 843, 843, 843, 844, 845, 846, 846, 846, 846, 846, 846, 846, 846, 846, 846, 846, 846, 846, 846, 846, 847, 848, 849, 850, 850, 850, 850, 850, 850, 850, 850, 850, 850, 850, 850, 850, 850, 850, 851, 852, 853, 854, 843], ""6"": [855, 855, 855, 855, 855, 855, 855, 856, 857, 858, 858, 858, 858, 858, 858, 858, 858, 858, 858, 858, 858, 858, 858, 858, 859, 860, 861, 862, 862, 862, 862, 862, 862, 862, 862, 862, 862, 862, 862, 862, 862, 862, 863, 864, 865, 866, 855], ""7"": [855, 855, 855, 855, 855, 855, 855, 856, 857, 858, 858, 858, 858, 858, 858, 858, 858, 858, 858, 858, 858, 858, 858, 858, 859, 860, 861, 862, 862, 862, 862, 862, 862, 862, 862, 862, 862, 862, 862, 862, 862, 862, 863, 864, 865, 866, 855]}",{},"frame = min(count-1, floor(count*progress/duration)); duration from atomic length",Animals/tribe_12_deers/Sheets/cr_ani_body_00__deer01/j48_A002_animal_deer_female_wait_s327.png,Animals/tribe_12_deers/Sheets/cr_ani_body_00__deer01/j48_A002_animal_deer_female_wait_s327__shadow_mask.png,"[34, 56]","[21, 30]","[0, 1, 2, 3, 4, 5, 6, 7]",RENDERED,COMPATIBLE,[],PIXEL_CONFIRMED,Animals/tribe_12_deers/young_job48/metadata.json,Animals/tribe_12_deers/young_job48/index.html
12,Deer,animal,48,48,baby_animal,Young Animal,young,[48],323,48,False,atomic,3,animal_deer_female_baby_idle,100,[],,,0,,0,animal_deer_female_wait,animal_deer_female_wait,initial,0,Data\Engine2D\Bin\Bobs\CR_Ani_Body_00.bmd,Data\Engine2D\Bin\Bobs\CR_Ani_Body_00_s.bmd,,,[],deer01,,declared base palette (ordinal 0 of RNG list),[],"{""0"": [843, 843, 843, 843, 843, 843, 843, 844, 845, 846, 846, 846, 846, 846, 846, 846, 846, 846, 846, 846, 846, 846, 846, 846, 847, 848, 849, 850, 850, 850, 850, 850, 850, 850, 850, 850, 850, 850, 850, 850, 850, 850, 851, 852, 853, 854, 843], ""1"": [843, 843, 843, 843, 843, 843, 843, 844, 845, 846, 846, 846, 846, 846, 846, 846, 846, 846, 846, 846, 846, 846, 846, 846, 847, 848, 849, 850, 850, 850, 850, 850, 850, 850, 850, 850, 850, 850, 850, 850, 850, 850, 851, 852, 853, 854, 843], ""2"": [831, 831, 831, 831, 831, 831, 831, 832, 833, 834, 834, 834, 834, 834, 834, 834, 834, 834, 834, 834, 834, 834, 834, 834, 835, 836, 837, 838, 838, 838, 838, 838, 838, 838, 838, 838, 838, 838, 838, 838, 838, 838, 839, 840, 841, 842, 831], ""3"": [831, 831, 831, 831, 831, 831, 831, 832, 833, 834, 834, 834, 834, 834, 834, 834, 834, 834, 834, 834, 834, 834, 834, 834, 835, 836, 837, 838, 838, 838, 838, 838, 838, 838, 838, 838, 838, 838, 838, 838, 838, 838, 839, 840, 841, 842, 831], ""4"": [831, 831, 831, 831, 831, 831, 831, 832, 833, 834, 834, 834, 834, 834, 834, 834, 834, 834, 834, 834, 834, 834, 834, 834, 835, 836, 837, 838, 838, 838, 838, 838, 838, 838, 838, 838, 838, 838, 838, 838, 838, 838, 839, 840, 841, 842, 831], ""5"": [843, 843, 843, 843, 843, 843, 843, 844, 845, 846, 846, 846, 846, 846, 846, 846, 846, 846, 846, 846, 846, 846, 846, 846, 847, 848, 849, 850, 850, 850, 850, 850, 850, 850, 850, 850, 850, 850, 850, 850, 850, 850, 851, 852, 853, 854, 843], ""6"": [855, 855, 855, 855, 855, 855, 855, 856, 857, 858, 858, 858, 858, 858, 858, 858, 858, 858, 858, 858, 858, 858, 858, 858, 859, 860, 861, 862, 862, 862, 862, 862, 862, 862, 862, 862, 862, 862, 862, 862, 862, 862, 863, 864, 865, 866, 855], ""7"": [855, 855, 855, 855, 855, 855, 855, 856, 857, 858, 858, 858, 858, 858, 858, 858, 858, 858, 858, 858, 858, 858, 858, 858, 859, 860, 861, 862, 862, 862, 862, 862, 862, 862, 862, 862, 862, 862, 862, 862, 862, 862, 863, 864, 865, 866, 855]}",{},"frame = min(count-1, floor(count*progress/duration)); duration from atomic length",Animals/tribe_12_deers/Sheets/cr_ani_body_00__deer01/j48_A003_animal_deer_female_wait_s323.png,Animals/tribe_12_deers/Sheets/cr_ani_body_00__deer01/j48_A003_animal_deer_female_wait_s323__shadow_mask.png,"[34, 56]","[21, 30]","[0, 1, 2, 3, 4, 5, 6, 7]",RENDERED,COMPATIBLE,[],PIXEL_CONFIRMED,Animals/tribe_12_deers/young_job48/metadata.json,Animals/tribe_12_deers/young_job48/index.html
12,Deer,animal,48,48,baby_animal,Young Animal,young,[48],322,48,False,atomic,4,animal_deer_female_baby_idle,100,[],,,0,,0,animal_deer_female_wait,animal_deer_female_wait,initial,0,Data\Engine2D\Bin\Bobs\CR_Ani_Body_00.bmd,Data\Engine2D\Bin\Bobs\CR_Ani_Body_00_s.bmd,,,[],deer01,,declared base palette (ordinal 0 of RNG list),[],"{""0"": [843, 843, 843, 843, 843, 843, 843, 844, 845, 846, 846, 846, 846, 846, 846, 846, 846, 846, 846, 846, 846, 846, 846, 846, 847, 848, 849, 850, 850, 850, 850, 850, 850, 850, 850, 850, 850, 850, 850, 850, 850, 850, 851, 852, 853, 854, 843], ""1"": [843, 843, 843, 843, 843, 843, 843, 844, 845, 846, 846, 846, 846, 846, 846, 846, 846, 846, 846, 846, 846, 846, 846, 846, 847, 848, 849, 850, 850, 850, 850, 850, 850, 850, 850, 850, 850, 850, 850, 850, 850, 850, 851, 852, 853, 854, 843], ""2"": [831, 831, 831, 831, 831, 831, 831, 832, 833, 834, 834, 834, 834, 834, 834, 834, 834, 834, 834, 834, 834, 834, 834, 834, 835, 836, 837, 838, 838, 838, 838, 838, 838, 838, 838, 838, 838, 838, 838, 838, 838, 838, 839, 840, 841, 842, 831], ""3"": [831, 831, 831, 831, 831, 831, 831, 832, 833, 834, 834, 834, 834, 834, 834, 834, 834, 834, 834, 834, 834, 834, 834, 834, 835, 836, 837, 838, 838, 838, 838, 838, 838, 838, 838, 838, 838, 838, 838, 838, 838, 838, 839, 840, 841, 842, 831], ""4"": [831, 831, 831, 831, 831, 831, 831, 832, 833, 834, 834, 834, 834, 834, 834, 834, 834, 834, 834, 834, 834, 834, 834, 834, 835, 836, 837, 838, 838, 838, 838, 838, 838, 838, 838, 838, 838, 838, 838, 838, 838, 838, 839, 840, 841, 842, 831], ""5"": [843, 843, 843, 843, 843, 843, 843, 844, 845, 846, 846, 846, 846, 846, 846, 846, 846, 846, 846, 846, 846, 846, 846, 846, 847, 848, 849, 850, 850, 850, 850, 850, 850, 850, 850, 850, 850, 850, 850, 850, 850, 850, 851, 852, 853, 854, 843], ""6"": [855, 855, 855, 855, 855, 855, 855, 856, 857, 858, 858, 858, 858, 858, 858, 858, 858, 858, 858, 858, 858, 858, 858, 858, 859, 860, 861, 862, 862, 862, 862, 862, 862, 862, 862, 862, 862, 862, 862, 862, 862, 862, 863, 864, 865, 866, 855], ""7"": [855, 855, 855, 855, 855, 855, 855, 856, 857, 858, 858, 858, 858, 858, 858, 858, 858, 858, 858, 858, 858, 858, 858, 858, 859, 860, 861, 862, 862, 862, 862, 862, 862, 862, 862, 862, 862, 862, 862, 862, 862, 862, 863, 864, 865, 866, 855]}",{},"frame = min(count-1, floor(count*progress/duration)); duration from atomic length",Animals/tribe_12_deers/Sheets/cr_ani_body_00__deer01/j48_A004_animal_deer_female_wait_s322.png,Animals/tribe_12_deers/Sheets/cr_ani_body_00__deer01/j48_A004_animal_deer_female_wait_s322__shadow_mask.png,"[34, 56]","[21, 30]","[0, 1, 2, 3, 4, 5, 6, 7]",RENDERED,COMPATIBLE,[],PIXEL_CONFIRMED,Animals/tribe_12_deers/young_job48/metadata.json,Animals/tribe_12_deers/young_job48/index.html
12,Deer,animal,48,48,baby_animal,Young Animal,young,[48],324,48,False,atomic,5,animal_deer_female_baby_idle,100,[],,,0,,0,animal_deer_female_wait,animal_deer_female_wait,initial,0,Data\Engine2D\Bin\Bobs\CR_Ani_Body_00.bmd,Data\Engine2D\Bin\Bobs\CR_Ani_Body_00_s.bmd,,,[],deer01,,declared base palette (ordinal 0 of RNG list),[],"{""0"": [843, 843, 843, 843, 843, 843, 843, 844, 845, 846, 846, 846, 846, 846, 846, 846, 846, 846, 846, 846, 846, 846, 846, 846, 847, 848, 849, 850, 850, 850, 850, 850, 850, 850, 850, 850, 850, 850, 850, 850, 850, 850, 851, 852, 853, 854, 843], ""1"": [843, 843, 843, 843, 843, 843, 843, 844, 845, 846, 846, 846, 846, 846, 846, 846, 846, 846, 846, 846, 846, 846, 846, 846, 847, 848, 849, 850, 850, 850, 850, 850, 850, 850, 850, 850, 850, 850, 850, 850, 850, 850, 851, 852, 853, 854, 843], ""2"": [831, 831, 831, 831, 831, 831, 831, 832, 833, 834, 834, 834, 834, 834, 834, 834, 834, 834, 834, 834, 834, 834, 834, 834, 835, 836, 837, 838, 838, 838, 838, 838, 838, 838, 838, 838, 838, 838, 838, 838, 838, 838, 839, 840, 841, 842, 831], ""3"": [831, 831, 831, 831, 831, 831, 831, 832, 833, 834, 834, 834, 834, 834, 834, 834, 834, 834, 834, 834, 834, 834, 834, 834, 835, 836, 837, 838, 838, 838, 838, 838, 838, 838, 838, 838, 838, 838, 838, 838, 838, 838, 839, 840, 841, 842, 831], ""4"": [831, 831, 831, 831, 831, 831, 831, 832, 833, 834, 834, 834, 834, 834, 834, 834, 834, 834, 834, 834, 834, 834, 834, 834, 835, 836, 837, 838, 838, 838, 838, 838, 838, 838, 838, 838, 838, 838, 838, 838, 838, 838, 839, 840, 841, 842, 831], ""5"": [843, 843, 843, 843, 843, 843, 843, 844, 845, 846, 846, 846, 846, 846, 846, 846, 846, 846, 846, 846, 846, 846, 846, 846, 847, 848, 849, 850, 850, 850, 850, 850, 850, 850, 850, 850, 850, 850, 850, 850, 850, 850, 851, 852, 853, 854, 843], ""6"": [855, 855, 855, 855, 855, 855, 855, 856, 857, 858, 858, 858, 858, 858, 858, 858, 858, 858, 858, 858, 858, 858, 858, 858, 859, 860, 861, 862, 862, 862, 862, 862, 862, 862, 862, 862, 862, 862, 862, 862, 862, 862, 863, 864, 865, 866, 855], ""7"": [855, 855, 855, 855, 855, 855, 855, 856, 857, 858, 858, 858, 858, 858, 858, 858, 858, 858, 858, 858, 858, 858, 858, 858, 859, 860, 861, 862, 862, 862, 862, 862, 862, 862, 862, 862, 862, 862, 862, 862, 862, 862, 863, 864, 865, 866, 855]}",{},"frame = min(count-1, floor(count*progress/duration)); duration from atomic length",Animals/tribe_12_deers/Sheets/cr_ani_body_00__deer01/j48_A005_animal_deer_female_wait_s324.png,Animals/tribe_12_deers/Sheets/cr_ani_body_00__deer01/j48_A005_animal_deer_female_wait_s324__shadow_mask.png,"[34, 56]","[21, 30]","[0, 1, 2, 3, 4, 5, 6, 7]",RENDERED,COMPATIBLE,[],PIXEL_CONFIRMED,Animals/tribe_12_deers/young_job48/metadata.json,Animals/tribe_12_deers/young_job48/index.html
12,Deer,animal,48,48,baby_animal,Young Animal,young,[48],325,48,False,atomic,6,animal_deer_female_baby_idle,100,[],,,0,,0,animal_deer_female_wait,animal_deer_female_wait,initial,0,Data\Engine2D\Bin\Bobs\CR_Ani_Body_00.bmd,Data\Engine2D\Bin\Bobs\CR_Ani_Body_00_s.bmd,,,[],deer01,,declared base palette (ordinal 0 of RNG list),[],"{""0"": [843, 843, 843, 843, 843, 843, 843, 844, 845, 846, 846, 846, 846, 846, 846, 846, 846, 846, 846, 846, 846, 846, 846, 846, 847, 848, 849, 850, 850, 850, 850, 850, 850, 850, 850, 850, 850, 850, 850, 850, 850, 850, 851, 852, 853, 854, 843], ""1"": [843, 843, 843, 843, 843, 843, 843, 844, 845, 846, 846, 846, 846, 846, 846, 846, 846, 846, 846, 846, 846, 846, 846, 846, 847, 848, 849, 850, 850, 850, 850, 850, 850, 850, 850, 850, 850, 850, 850, 850, 850, 850, 851, 852, 853, 854, 843], ""2"": [831, 831, 831, 831, 831, 831, 831, 832, 833, 834, 834, 834, 834, 834, 834, 834, 834, 834, 834, 834, 834, 834, 834, 834, 835, 836, 837, 838, 838, 838, 838, 838, 838, 838, 838, 838, 838, 838, 838, 838, 838, 838, 839, 840, 841, 842, 831], ""3"": [831, 831, 831, 831, 831, 831, 831, 832, 833, 834, 834, 834, 834, 834, 834, 834, 834, 834, 834, 834, 834, 834, 834, 834, 835, 836, 837, 838, 838, 838, 838, 838, 838, 838, 838, 838, 838, 838, 838, 838, 838, 838, 839, 840, 841, 842, 831], ""4"": [831, 831, 831, 831, 831, 831, 831, 832, 833, 834, 834, 834, 834, 834, 834, 834, 834, 834, 834, 834, 834, 834, 834, 834, 835, 836, 837, 838, 838, 838, 838, 838, 838, 838, 838, 838, 838, 838, 838, 838, 838, 838, 839, 840, 841, 842, 831], ""5"": [843, 843, 843, 843, 843, 843, 843, 844, 845, 846, 846, 846, 846, 846, 846, 846, 846, 846, 846, 846, 846, 846, 846, 846, 847, 848, 849, 850, 850, 850, 850, 850, 850, 850, 850, 850, 850, 850, 850, 850, 850, 850, 851, 852, 853, 854, 843], ""6"": [855, 855, 855, 855, 855, 855, 855, 856, 857, 858, 858, 858, 858, 858, 858, 858, 858, 858, 858, 858, 858, 858, 858, 858, 859, 860, 861, 862, 862, 862, 862, 862, 862, 862, 862, 862, 862, 862, 862, 862, 862, 862, 863, 864, 865, 866, 855], ""7"": [855, 855, 855, 855, 855, 855, 855, 856, 857, 858, 858, 858, 858, 858, 858, 858, 858, 858, 858, 858, 858, 858, 858, 858, 859, 860, 861, 862, 862, 862, 862, 862, 862, 862, 862, 862, 862, 862, 862, 862, 862, 862, 863, 864, 865, 866, 855]}",{},"frame = min(count-1, floor(count*progress/duration)); duration from atomic length",Animals/tribe_12_deers/Sheets/cr_ani_body_00__deer01/j48_A006_animal_deer_female_wait_s325.png,Animals/tribe_12_deers/Sheets/cr_ani_body_00__deer01/j48_A006_animal_deer_female_wait_s325__shadow_mask.png,"[34, 56]","[21, 30]","[0, 1, 2, 3, 4, 5, 6, 7]",RENDERED,COMPATIBLE,[],PIXEL_CONFIRMED,Animals/tribe_12_deers/young_job48/metadata.json,Animals/tribe_12_deers/young_job48/index.html
12,Deer,animal,48,48,baby_animal,Young Animal,young,[48],326,48,False,atomic,7,animal_deer_female_baby_idle,100,[],,,0,,0,animal_deer_female_wait,animal_deer_female_wait,initial,0,Data\Engine2D\Bin\Bobs\CR_Ani_Body_00.bmd,Data\Engine2D\Bin\Bobs\CR_Ani_Body_00_s.bmd,,,[],deer01,,declared base palette (ordinal 0 of RNG list),[],"{""0"": [843, 843, 843, 843, 843, 843, 843, 844, 845, 846, 846, 846, 846, 846, 846, 846, 846, 846, 846, 846, 846, 846, 846, 846, 847, 848, 849, 850, 850, 850, 850, 850, 850, 850, 850, 850, 850, 850, 850, 850, 850, 850, 851, 852, 853, 854, 843], ""1"": [843, 843, 843, 843, 843, 843, 843, 844, 845, 846, 846, 846, 846, 846, 846, 846, 846, 846, 846, 846, 846, 846, 846, 846, 847, 848, 849, 850, 850, 850, 850, 850, 850, 850, 850, 850, 850, 850, 850, 850, 850, 850, 851, 852, 853, 854, 843], ""2"": [831, 831, 831, 831, 831, 831, 831, 832, 833, 834, 834, 834, 834, 834, 834, 834, 834, 834, 834, 834, 834, 834, 834, 834, 835, 836, 837, 838, 838, 838, 838, 838, 838, 838, 838, 838, 838, 838, 838, 838, 838, 838, 839, 840, 841, 842, 831], ""3"": [831, 831, 831, 831, 831, 831, 831, 832, 833, 834, 834, 834, 834, 834, 834, 834, 834, 834, 834, 834, 834, 834, 834, 834, 835, 836, 837, 838, 838, 838, 838, 838, 838, 838, 838, 838, 838, 838, 838, 838, 838, 838, 839, 840, 841, 842, 831], ""4"": [831, 831, 831, 831, 831, 831, 831, 832, 833, 834, 834, 834, 834, 834, 834, 834, 834, 834, 834, 834, 834, 834, 834, 834, 835, 836, 837, 838, 838, 838, 838, 838, 838, 838, 838, 838, 838, 838, 838, 838, 838, 838, 839, 840, 841, 842, 831], ""5"": [843, 843, 843, 843, 843, 843, 843, 844, 845, 846, 846, 846, 846, 846, 846, 846, 846, 846, 846, 846, 846, 846, 846, 846, 847, 848, 849, 850, 850, 850, 850, 850, 850, 850, 850, 850, 850, 850, 850, 850, 850, 850, 851, 852, 853, 854, 843], ""6"": [855, 855, 855, 855, 855, 855, 855, 856, 857, 858, 858, 858, 858, 858, 858, 858, 858, 858, 858, 858, 858, 858, 858, 858, 859, 860, 861, 862, 862, 862, 862, 862, 862, 862, 862, 862, 862, 862, 862, 862, 862, 862, 863, 864, 865, 866, 855], ""7"": [855, 855, 855, 855, 855, 855, 855, 856, 857, 858, 858, 858, 858, 858, 858, 858, 858, 858, 858, 858, 858, 858, 858, 858, 859, 860, 861, 862, 862, 862, 862, 862, 862, 862, 862, 862, 862, 862, 862, 862, 862, 862, 863, 864, 865, 866, 855]}",{},"frame = min(count-1, floor(count*progress/duration)); duration from atomic length",Animals/tribe_12_deers/Sheets/cr_ani_body_00__deer01/j48_A007_animal_deer_female_wait_s326.png,Animals/tribe_12_deers/Sheets/cr_ani_body_00__deer01/j48_A007_animal_deer_female_wait_s326__shadow_mask.png,"[34, 56]","[21, 30]","[0, 1, 2, 3, 4, 5, 6, 7]",RENDERED,COMPATIBLE,[],PIXEL_CONFIRMED,Animals/tribe_12_deers/young_job48/metadata.json,Animals/tribe_12_deers/young_job48/index.html
12,Deer,animal,48,48,baby_animal,Young Animal,young,[48],328,48,False,atomic,9,animal_bear_eat,20,[],,,0,,0,animal_deer_female_wait,animal_deer_female_wait,initial,0,Data\Engine2D\Bin\Bobs\CR_Ani_Body_00.bmd,Data\Engine2D\Bin\Bobs\CR_Ani_Body_00_s.bmd,,,[],deer01,,declared base palette (ordinal 0 of RNG list),[],"{""0"": [843, 843, 843, 843, 843, 843, 843, 844, 845, 846, 846, 846, 846, 846, 846, 846, 846, 846, 846, 846, 846, 846, 846, 846, 847, 848, 849, 850, 850, 850, 850, 850, 850, 850, 850, 850, 850, 850, 850, 850, 850, 850, 851, 852, 853, 854, 843], ""1"": [843, 843, 843, 843, 843, 843, 843, 844, 845, 846, 846, 846, 846, 846, 846, 846, 846, 846, 846, 846, 846, 846, 846, 846, 847, 848, 849, 850, 850, 850, 850, 850, 850, 850, 850, 850, 850, 850, 850, 850, 850, 850, 851, 852, 853, 854, 843], ""2"": [831, 831, 831, 831, 831, 831, 831, 832, 833, 834, 834, 834, 834, 834, 834, 834, 834, 834, 834, 834, 834, 834, 834, 834, 835, 836, 837, 838, 838, 838, 838, 838, 838, 838, 838, 838, 838, 838, 838, 838, 838, 838, 839, 840, 841, 842, 831], ""3"": [831, 831, 831, 831, 831, 831, 831, 832, 833, 834, 834, 834, 834, 834, 834, 834, 834, 834, 834, 834, 834, 834, 834, 834, 835, 836, 837, 838, 838, 838, 838, 838, 838, 838, 838, 838, 838, 838, 838, 838, 838, 838, 839, 840, 841, 842, 831], ""4"": [831, 831, 831, 831, 831, 831, 831, 832, 833, 834, 834, 834, 834, 834, 834, 834, 834, 834, 834, 834, 834, 834, 834, 834, 835, 836, 837, 838, 838, 838, 838, 838, 838, 838, 838, 838, 838, 838, 838, 838, 838, 838, 839, 840, 841, 842, 831], ""5"": [843, 843, 843, 843, 843, 843, 843, 844, 845, 846, 846, 846, 846, 846, 846, 846, 846, 846, 846, 846, 846, 846, 846, 846, 847, 848, 849, 850, 850, 850, 850, 850, 850, 850, 850, 850, 850, 850, 850, 850, 850, 850, 851, 852, 853, 854, 843], ""6"": [855, 855, 855, 855, 855, 855, 855, 856, 857, 858, 858, 858, 858, 858, 858, 858, 858, 858, 858, 858, 858, 858, 858, 858, 859, 860, 861, 862, 862, 862, 862, 862, 862, 862, 862, 862, 862, 862, 862, 862, 862, 862, 863, 864, 865, 866, 855], ""7"": [855, 855, 855, 855, 855, 855, 855, 856, 857, 858, 858, 858, 858, 858, 858, 858, 858, 858, 858, 858, 858, 858, 858, 858, 859, 860, 861, 862, 862, 862, 862, 862, 862, 862, 862, 862, 862, 862, 862, 862, 862, 862, 863, 864, 865, 866, 855]}",{},"frame = min(count-1, floor(count*progress/duration)); duration from atomic length",Animals/tribe_12_deers/Sheets/cr_ani_body_00__deer01/j48_A009_animal_deer_female_wait_s328.png,Animals/tribe_12_deers/Sheets/cr_ani_body_00__deer01/j48_A009_animal_deer_female_wait_s328__shadow_mask.png,"[34, 56]","[21, 30]","[0, 1, 2, 3, 4, 5, 6, 7]",RENDERED,COMPATIBLE,[],PIXEL_CONFIRMED,Animals/tribe_12_deers/young_job48/metadata.json,Animals/tribe_12_deers/young_job48/index.html
12,Deer,animal,48,48,baby_animal,Young Animal,young,[48],1128,48,False,walk,,,,[],0,,,100000,0,animal_deer_female_walk,animal_deer_female_walk,initial,0,Data\Engine2D\Bin\Bobs\CR_Ani_Body_00.bmd,Data\Engine2D\Bin\Bobs\CR_Ani_Body_00_s.bmd,,,[],deer01,,declared base palette (ordinal 0 of RNG list),[],"{""0"": [915, 916, 917, 918, 919, 920, 921, 922, 923, 924, 925, 926], ""1"": [927, 928, 929, 930, 931, 932, 933, 934, 935, 936, 937, 938], ""2"": [867, 868, 869, 870, 871, 872, 873, 874, 875, 876, 877, 878], ""3"": [879, 880, 881, 882, 883, 884, 885, 886, 887, 888, 889, 890], ""4"": [891, 892, 893, 894, 895, 896, 897, 898, 899, 900, 901, 902], ""5"": [903, 904, 905, 906, 907, 908, 909, 910, 911, 912, 913, 914], ""6"": [951, 952, 953, 954, 955, 956, 957, 958, 959, 960, 961, 962], ""7"": [939, 940, 941, 942, 943, 944, 945, 946, 947, 948, 949, 950]}",{},frame = frameTick % count (walk; caller frame tick),Animals/tribe_12_deers/Sheets/cr_ani_body_00__deer01/j48_W000_animal_deer_female_walk_s1128.png,Animals/tribe_12_deers/Sheets/cr_ani_body_00__deer01/j48_W000_animal_deer_female_walk_s1128__shadow_mask.png,"[58, 63]","[33, 40]","[0, 1, 2, 3, 4, 5, 6, 7]",RENDERED,COMPATIBLE,[],PIXEL_CONFIRMED,Animals/tribe_12_deers/young_job48/metadata.json,Animals/tribe_12_deers/young_job48/index.html
12,Deer,animal,49,49,adult_animal,Animal,adult,"[49, 48]",329,49,False,atomic,2,animal_deer_female_adult_idle,100,[],,,0,,0,animal_deer_female_wait,animal_deer_female_wait,initial,0,Data\Engine2D\Bin\Bobs\CR_Ani_Body_00.bmd,Data\Engine2D\Bin\Bobs\CR_Ani_Body_00_s.bmd,,,[],deer01,,declared base palette (ordinal 0 of RNG list),[],"{""0"": [843, 843, 843, 843, 843, 843, 843, 844, 845, 846, 846, 846, 846, 846, 846, 846, 846, 846, 846, 846, 846, 846, 846, 846, 847, 848, 849, 850, 850, 850, 850, 850, 850, 850, 850, 850, 850, 850, 850, 850, 850, 850, 851, 852, 853, 854, 843], ""1"": [843, 843, 843, 843, 843, 843, 843, 844, 845, 846, 846, 846, 846, 846, 846, 846, 846, 846, 846, 846, 846, 846, 846, 846, 847, 848, 849, 850, 850, 850, 850, 850, 850, 850, 850, 850, 850, 850, 850, 850, 850, 850, 851, 852, 853, 854, 843], ""2"": [831, 831, 831, 831, 831, 831, 831, 832, 833, 834, 834, 834, 834, 834, 834, 834, 834, 834, 834, 834, 834, 834, 834, 834, 835, 836, 837, 838, 838, 838, 838, 838, 838, 838, 838, 838, 838, 838, 838, 838, 838, 838, 839, 840, 841, 842, 831], ""3"": [831, 831, 831, 831, 831, 831, 831, 832, 833, 834, 834, 834, 834, 834, 834, 834, 834, 834, 834, 834, 834, 834, 834, 834, 835, 836, 837, 838, 838, 838, 838, 838, 838, 838, 838, 838, 838, 838, 838, 838, 838, 838, 839, 840, 841, 842, 831], ""4"": [831, 831, 831, 831, 831, 831, 831, 832, 833, 834, 834, 834, 834, 834, 834, 834, 834, 834, 834, 834, 834, 834, 834, 834, 835, 836, 837, 838, 838, 838, 838, 838, 838, 838, 838, 838, 838, 838, 838, 838, 838, 838, 839, 840, 841, 842, 831], ""5"": [843, 843, 843, 843, 843, 843, 843, 844, 845, 846, 846, 846, 846, 846, 846, 846, 846, 846, 846, 846, 846, 846, 846, 846, 847, 848, 849, 850, 850, 850, 850, 850, 850, 850, 850, 850, 850, 850, 850, 850, 850, 850, 851, 852, 853, 854, 843], ""6"": [855, 855, 855, 855, 855, 855, 855, 856, 857, 858, 858, 858, 858, 858, 858, 858, 858, 858, 858, 858, 858, 858, 858, 858, 859, 860, 861, 862, 862, 862, 862, 862, 862, 862, 862, 862, 862, 862, 862, 862, 862, 862, 863, 864, 865, 866, 855], ""7"": [855, 855, 855, 855, 855, 855, 855, 856, 857, 858, 858, 858, 858, 858, 858, 858, 858, 858, 858, 858, 858, 858, 858, 858, 859, 860, 861, 862, 862, 862, 862, 862, 862, 862, 862, 862, 862, 862, 862, 862, 862, 862, 863, 864, 865, 866, 855]}",{},"frame = min(count-1, floor(count*progress/duration)); duration from atomic length",Animals/tribe_12_deers/Sheets/cr_ani_body_00__deer01/j49_A002_animal_deer_female_wait_s329.png,Animals/tribe_12_deers/Sheets/cr_ani_body_00__deer01/j49_A002_animal_deer_female_wait_s329__shadow_mask.png,"[34, 56]","[21, 30]","[0, 1, 2, 3, 4, 5, 6, 7]",RENDERED,COMPATIBLE,[],PIXEL_CONFIRMED,Animals/tribe_12_deers/adult_job49/metadata.json,Animals/tribe_12_deers/adult_job49/index.html
12,Deer,animal,49,49,adult_animal,Animal,adult,"[49, 48]",330,49,False,atomic,3,animal_deer_female_adult_idle,100,[],,,0,,0,animal_deer_female_wait,animal_deer_female_wait,initial,0,Data\Engine2D\Bin\Bobs\CR_Ani_Body_00.bmd,Data\Engine2D\Bin\Bobs\CR_Ani_Body_00_s.bmd,,,[],deer01,,declared base palette (ordinal 0 of RNG list),[],"{""0"": [843, 843, 843, 843, 843, 843, 843, 844, 845, 846, 846, 846, 846, 846, 846, 846, 846, 846, 846, 846, 846, 846, 846, 846, 847, 848, 849, 850, 850, 850, 850, 850, 850, 850, 850, 850, 850, 850, 850, 850, 850, 850, 851, 852, 853, 854, 843], ""1"": [843, 843, 843, 843, 843, 843, 843, 844, 845, 846, 846, 846, 846, 846, 846, 846, 846, 846, 846, 846, 846, 846, 846, 846, 847, 848, 849, 850, 850, 850, 850, 850, 850, 850, 850, 850, 850, 850, 850, 850, 850, 850, 851, 852, 853, 854, 843], ""2"": [831, 831, 831, 831, 831, 831, 831, 832, 833, 834, 834, 834, 834, 834, 834, 834, 834, 834, 834, 834, 834, 834, 834, 834, 835, 836, 837, 838, 838, 838, 838, 838, 838, 838, 838, 838, 838, 838, 838, 838, 838, 838, 839, 840, 841, 842, 831], ""3"": [831, 831, 831, 831, 831, 831, 831, 832, 833, 834, 834, 834, 834, 834, 834, 834, 834, 834, 834, 834, 834, 834, 834, 834, 835, 836, 837, 838, 838, 838, 838, 838, 838, 838, 838, 838, 838, 838, 838, 838, 838, 838, 839, 840, 841, 842, 831], ""4"": [831, 831, 831, 831, 831, 831, 831, 832, 833, 834, 834, 834, 834, 834, 834, 834, 834, 834, 834, 834, 834, 834, 834, 834, 835, 836, 837, 838, 838, 838, 838, 838, 838, 838, 838, 838, 838, 838, 838, 838, 838, 838, 839, 840, 841, 842, 831], ""5"": [843, 843, 843, 843, 843, 843, 843, 844, 845, 846, 846, 846, 846, 846, 846, 846, 846, 846, 846, 846, 846, 846, 846, 846, 847, 848, 849, 850, 850, 850, 850, 850, 850, 850, 850, 850, 850, 850, 850, 850, 850, 850, 851, 852, 853, 854, 843], ""6"": [855, 855, 855, 855, 855, 855, 855, 856, 857, 858, 858, 858, 858, 858, 858, 858, 858, 858, 858, 858, 858, 858, 858, 858, 859, 860, 861, 862, 862, 862, 862, 862, 862, 862, 862, 862, 862, 862, 862, 862, 862, 862, 863, 864, 865, 866, 855], ""7"": [855, 855, 855, 855, 855, 855, 855, 856, 857, 858, 858, 858, 858, 858, 858, 858, 858, 858, 858, 858, 858, 858, 858, 858, 859, 860, 861, 862, 862, 862, 862, 862, 862, 862, 862, 862, 862, 862, 862, 862, 862, 862, 863, 864, 865, 866, 855]}",{},"frame = min(count-1, floor(count*progress/duration)); duration from atomic length",Animals/tribe_12_deers/Sheets/cr_ani_body_00__deer01/j49_A003_animal_deer_female_wait_s330.png,Animals/tribe_12_deers/Sheets/cr_ani_body_00__deer01/j49_A003_animal_deer_female_wait_s330__shadow_mask.png,"[34, 56]","[21, 30]","[0, 1, 2, 3, 4, 5, 6, 7]",RENDERED,COMPATIBLE,[],PIXEL_CONFIRMED,Animals/tribe_12_deers/adult_job49/metadata.json,Animals/tribe_12_deers/adult_job49/index.html
12,Deer,animal,49,49,adult_animal,Animal,adult,"[49, 48]",331,49,False,atomic,4,animal_deer_female_adult_idle,100,[],,,0,,0,animal_deer_female_wait,animal_deer_female_wait,initial,0,Data\Engine2D\Bin\Bobs\CR_Ani_Body_00.bmd,Data\Engine2D\Bin\Bobs\CR_Ani_Body_00_s.bmd,,,[],deer01,,declared base palette (ordinal 0 of RNG list),[],"{""0"": [843, 843, 843, 843, 843, 843, 843, 844, 845, 846, 846, 846, 846, 846, 846, 846, 846, 846, 846, 846, 846, 846, 846, 846, 847, 848, 849, 850, 850, 850, 850, 850, 850, 850, 850, 850, 850, 850, 850, 850, 850, 850, 851, 852, 853, 854, 843], ""1"": [843, 843, 843, 843, 843, 843, 843, 844, 845, 846, 846, 846, 846, 846, 846, 846, 846, 846, 846, 846, 846, 846, 846, 846, 847, 848, 849, 850, 850, 850, 850, 850, 850, 850, 850, 850, 850, 850, 850, 850, 850, 850, 851, 852, 853, 854, 843], ""2"": [831, 831, 831, 831, 831, 831, 831, 832, 833, 834, 834, 834, 834, 834, 834, 834, 834, 834, 834, 834, 834, 834, 834, 834, 835, 836, 837, 838, 838, 838, 838, 838, 838, 838, 838, 838, 838, 838, 838, 838, 838, 838, 839, 840, 841, 842, 831], ""3"": [831, 831, 831, 831, 831, 831, 831, 832, 833, 834, 834, 834, 834, 834, 834, 834, 834, 834, 834, 834, 834, 834, 834, 834, 835, 836, 837, 838, 838, 838, 838, 838, 838, 838, 838, 838, 838, 838, 838, 838, 838, 838, 839, 840, 841, 842, 831], ""4"": [831, 831, 831, 831, 831, 831, 831, 832, 833, 834, 834, 834, 834, 834, 834, 834, 834, 834, 834, 834, 834, 834, 834, 834, 835, 836, 837, 838, 838, 838, 838, 838, 838, 838, 838, 838, 838, 838, 838, 838, 838, 838, 839, 840, 841, 842, 831], ""5"": [843, 843, 843, 843, 843, 843, 843, 844, 845, 846, 846, 846, 846, 846, 846, 846, 846, 846, 846, 846, 846, 846, 846, 846, 847, 848, 849, 850, 850, 850, 850, 850, 850, 850, 850, 850, 850, 850, 850, 850, 850, 850, 851, 852, 853, 854, 843], ""6"": [855, 855, 855, 855, 855, 855, 855, 856, 857, 858, 858, 858, 858, 858, 858, 858, 858, 858, 858, 858, 858, 858, 858, 858, 859, 860, 861, 862, 862, 862, 862, 862, 862, 862, 862, 862, 862, 862, 862, 862, 862, 862, 863, 864, 865, 866, 855], ""7"": [855, 855, 855, 855, 855, 855, 855, 856, 857, 858, 858, 858, 858, 858, 858, 858, 858, 858, 858, 858, 858, 858, 858, 858, 859, 860, 861, 862, 862, 862, 862, 862, 862, 862, 862, 862, 862, 862, 862, 862, 862, 862, 863, 864, 865, 866, 855]}",{},"frame = min(count-1, floor(count*progress/duration)); duration from atomic length",Animals/tribe_12_deers/Sheets/cr_ani_body_00__deer01/j49_A004_animal_deer_female_wait_s331.png,Animals/tribe_12_deers/Sheets/cr_ani_body_00__deer01/j49_A004_animal_deer_female_wait_s331__shadow_mask.png,"[34, 56]","[21, 30]","[0, 1, 2, 3, 4, 5, 6, 7]",RENDERED,COMPATIBLE,[],PIXEL_CONFIRMED,Animals/tribe_12_deers/adult_job49/metadata.json,Animals/tribe_12_deers/adult_job49/index.html
12,Deer,animal,49,49,adult_animal,Animal,adult,"[49, 48]",332,49,False,atomic,5,animal_deer_female_adult_idle,100,[],,,0,,0,animal_deer_female_wait,animal_deer_female_wait,initial,0,Data\Engine2D\Bin\Bobs\CR_Ani_Body_00.bmd,Data\Engine2D\Bin\Bobs\CR_Ani_Body_00_s.bmd,,,[],deer01,,declared base palette (ordinal 0 of RNG list),[],"{""0"": [843, 843, 843, 843, 843, 843, 843, 844, 845, 846, 846, 846, 846, 846, 846, 846, 846, 846, 846, 846, 846, 846, 846, 846, 847, 848, 849, 850, 850, 850, 850, 850, 850, 850, 850, 850, 850, 850, 850, 850, 850, 850, 851, 852, 853, 854, 843], ""1"": [843, 843, 843, 843, 843, 843, 843, 844, 845, 846, 846, 846, 846, 846, 846, 846, 846, 846, 846, 846, 846, 846, 846, 846, 847, 848, 849, 850, 850, 850, 850, 850, 850, 850, 850, 850, 850, 850, 850, 850, 850, 850, 851, 852, 853, 854, 843], ""2"": [831, 831, 831, 831, 831, 831, 831, 832, 833, 834, 834, 834, 834, 834, 834, 834, 834, 834, 834, 834, 834, 834, 834, 834, 835, 836, 837, 838, 838, 838, 838, 838, 838, 838, 838, 838, 838, 838, 838, 838, 838, 838, 839, 840, 841, 842, 831], ""3"": [831, 831, 831, 831, 831, 831, 831, 832, 833, 834, 834, 834, 834, 834, 834, 834, 834, 834, 834, 834, 834, 834, 834, 834, 835, 836, 837, 838, 838, 838, 838, 838, 838, 838, 838, 838, 838, 838, 838, 838, 838, 838, 839, 840, 841, 842, 831], ""4"": [831, 831, 831, 831, 831, 831, 831, 832, 833, 834, 834, 834, 834, 834, 834, 834, 834, 834, 834, 834, 834, 834, 834, 834, 835, 836, 837, 838, 838, 838, 838, 838, 838, 838, 838, 838, 838, 838, 838, 838, 838, 838, 839, 840, 841, 842, 831], ""5"": [843, 843, 843, 843, 843, 843, 843, 844, 845, 846, 846, 846, 846, 846, 846, 846, 846, 846, 846, 846, 846, 846, 846, 846, 847, 848, 849, 850, 850, 850, 850, 850, 850, 850, 850, 850, 850, 850, 850, 850, 850, 850, 851, 852, 853, 854, 843], ""6"": [855, 855, 855, 855, 855, 855, 855, 856, 857, 858, 858, 858, 858, 858, 858, 858, 858, 858, 858, 858, 858, 858, 858, 858, 859, 860, 861, 862, 862, 862, 862, 862, 862, 862, 862, 862, 862, 862, 862, 862, 862, 862, 863, 864, 865, 866, 855], ""7"": [855, 855, 855, 855, 855, 855, 855, 856, 857, 858, 858, 858, 858, 858, 858, 858, 858, 858, 858, 858, 858, 858, 858, 858, 859, 860, 861, 862, 862, 862, 862, 862, 862, 862, 862, 862, 862, 862, 862, 862, 862, 862, 863, 864, 865, 866, 855]}",{},"frame = min(count-1, floor(count*progress/duration)); duration from atomic length",Animals/tribe_12_deers/Sheets/cr_ani_body_00__deer01/j49_A005_animal_deer_female_wait_s332.png,Animals/tribe_12_deers/Sheets/cr_ani_body_00__deer01/j49_A005_animal_deer_female_wait_s332__shadow_mask.png,"[34, 56]","[21, 30]","[0, 1, 2, 3, 4, 5, 6, 7]",RENDERED,COMPATIBLE,[],PIXEL_CONFIRMED,Animals/tribe_12_deers/adult_job49/metadata.json,Animals/tribe_12_deers/adult_job49/index.html
12,Deer,animal,49,49,adult_animal,Animal,adult,"[49, 48]",333,49,False,atomic,6,animal_deer_female_adult_idle,100,[],,,0,,0,animal_deer_female_wait,animal_deer_female_wait,initial,0,Data\Engine2D\Bin\Bobs\CR_Ani_Body_00.bmd,Data\Engine2D\Bin\Bobs\CR_Ani_Body_00_s.bmd,,,[],deer01,,declared base palette (ordinal 0 of RNG list),[],"{""0"": [843, 843, 843, 843, 843, 843, 843, 844, 845, 846, 846, 846, 846, 846, 846, 846, 846, 846, 846, 846, 846, 846, 846, 846, 847, 848, 849, 850, 850, 850, 850, 850, 850, 850, 850, 850, 850, 850, 850, 850, 850, 850, 851, 852, 853, 854, 843], ""1"": [843, 843, 843, 843, 843, 843, 843, 844, 845, 846, 846, 846, 846, 846, 846, 846, 846, 846, 846, 846, 846, 846, 846, 846, 847, 848, 849, 850, 850, 850, 850, 850, 850, 850, 850, 850, 850, 850, 850, 850, 850, 850, 851, 852, 853, 854, 843], ""2"": [831, 831, 831, 831, 831, 831, 831, 832, 833, 834, 834, 834, 834, 834, 834, 834, 834, 834, 834, 834, 834, 834, 834, 834, 835, 836, 837, 838, 838, 838, 838, 838, 838, 838, 838, 838, 838, 838, 838, 838, 838, 838, 839, 840, 841, 842, 831], ""3"": [831, 831, 831, 831, 831, 831, 831, 832, 833, 834, 834, 834, 834, 834, 834, 834, 834, 834, 834, 834, 834, 834, 834, 834, 835, 836, 837, 838, 838, 838, 838, 838, 838, 838, 838, 838, 838, 838, 838, 838, 838, 838, 839, 840, 841, 842, 831], ""4"": [831, 831, 831, 831, 831, 831, 831, 832, 833, 834, 834, 834, 834, 834, 834, 834, 834, 834, 834, 834, 834, 834, 834, 834, 835, 836, 837, 838, 838, 838, 838, 838, 838, 838, 838, 838, 838, 838, 838, 838, 838, 838, 839, 840, 841, 842, 831], ""5"": [843, 843, 843, 843, 843, 843, 843, 844, 845, 846, 846, 846, 846, 846, 846, 846, 846, 846, 846, 846, 846, 846, 846, 846, 847, 848, 849, 850, 850, 850, 850, 850, 850, 850, 850, 850, 850, 850, 850, 850, 850, 850, 851, 852, 853, 854, 843], ""6"": [855, 855, 855, 855, 855, 855, 855, 856, 857, 858, 858, 858, 858, 858, 858, 858, 858, 858, 858, 858, 858, 858, 858, 858, 859, 860, 861, 862, 862, 862, 862, 862, 862, 862, 862, 862, 862, 862, 862, 862, 862, 862, 863, 864, 865, 866, 855], ""7"": [855, 855, 855, 855, 855, 855, 855, 856, 857, 858, 858, 858, 858, 858, 858, 858, 858, 858, 858, 858, 858, 858, 858, 858, 859, 860, 861, 862, 862, 862, 862, 862, 862, 862, 862, 862, 862, 862, 862, 862, 862, 862, 863, 864, 865, 866, 855]}",{},"frame = min(count-1, floor(count*progress/duration)); duration from atomic length",Animals/tribe_12_deers/Sheets/cr_ani_body_00__deer01/j49_A006_animal_deer_female_wait_s333.png,Animals/tribe_12_deers/Sheets/cr_ani_body_00__deer01/j49_A006_animal_deer_female_wait_s333__shadow_mask.png,"[34, 56]","[21, 30]","[0, 1, 2, 3, 4, 5, 6, 7]",RENDERED,COMPATIBLE,[],PIXEL_CONFIRMED,Animals/tribe_12_deers/adult_job49/metadata.json,Animals/tribe_12_deers/adult_job49/index.html
12,Deer,animal,49,49,adult_animal,Animal,adult,"[49, 48]",334,49,False,atomic,7,animal_deer_female_adult_idle,100,[],,,0,,0,animal_deer_female_wait,animal_deer_female_wait,initial,0,Data\Engine2D\Bin\Bobs\CR_Ani_Body_00.bmd,Data\Engine2D\Bin\Bobs\CR_Ani_Body_00_s.bmd,,,[],deer01,,declared base palette (ordinal 0 of RNG list),[],"{""0"": [843, 843, 843, 843, 843, 843, 843, 844, 845, 846, 846, 846, 846, 846, 846, 846, 846, 846, 846, 846, 846, 846, 846, 846, 847, 848, 849, 850, 850, 850, 850, 850, 850, 850, 850, 850, 850, 850, 850, 850, 850, 850, 851, 852, 853, 854, 843], ""1"": [843, 843, 843, 843, 843, 843, 843, 844, 845, 846, 846, 846, 846, 846, 846, 846, 846, 846, 846, 846, 846, 846, 846, 846, 847, 848, 849, 850, 850, 850, 850, 850, 850, 850, 850, 850, 850, 850, 850, 850, 850, 850, 851, 852, 853, 854, 843], ""2"": [831, 831, 831, 831, 831, 831, 831, 832, 833, 834, 834, 834, 834, 834, 834, 834, 834, 834, 834, 834, 834, 834, 834, 834, 835, 836, 837, 838, 838, 838, 838, 838, 838, 838, 838, 838, 838, 838, 838, 838, 838, 838, 839, 840, 841, 842, 831], ""3"": [831, 831, 831, 831, 831, 831, 831, 832, 833, 834, 834, 834, 834, 834, 834, 834, 834, 834, 834, 834, 834, 834, 834, 834, 835, 836, 837, 838, 838, 838, 838, 838, 838, 838, 838, 838, 838, 838, 838, 838, 838, 838, 839, 840, 841, 842, 831], ""4"": [831, 831, 831, 831, 831, 831, 831, 832, 833, 834, 834, 834, 834, 834, 834, 834, 834, 834, 834, 834, 834, 834, 834, 834, 835, 836, 837, 838, 838, 838, 838, 838, 838, 838, 838, 838, 838, 838, 838, 838, 838, 838, 839, 840, 841, 842, 831], ""5"": [843, 843, 843, 843, 843, 843, 843, 844, 845, 846, 846, 846, 846, 846, 846, 846, 846, 846, 846, 846, 846, 846, 846, 846, 847, 848, 849, 850, 850, 850, 850, 850, 850, 850, 850, 850, 850, 850, 850, 850, 850, 850, 851, 852, 853, 854, 843], ""6"": [855, 855, 855, 855, 855, 855, 855, 856, 857, 858, 858, 858, 858, 858, 858, 858, 858, 858, 858, 858, 858, 858, 858, 858, 859, 860, 861, 862, 862, 862, 862, 862, 862, 862, 862, 862, 862, 862, 862, 862, 862, 862, 863, 864, 865, 866, 855], ""7"": [855, 855, 855, 855, 855, 855, 855, 856, 857, 858, 858, 858, 858, 858, 858, 858, 858, 858, 858, 858, 858, 858, 858, 858, 859, 860, 861, 862, 862, 862, 862, 862, 862, 862, 862, 862, 862, 862, 862, 862, 862, 862, 863, 864, 865, 866, 855]}",{},"frame = min(count-1, floor(count*progress/duration)); duration from atomic length",Animals/tribe_12_deers/Sheets/cr_ani_body_00__deer01/j49_A007_animal_deer_female_wait_s334.png,Animals/tribe_12_deers/Sheets/cr_ani_body_00__deer01/j49_A007_animal_deer_female_wait_s334__shadow_mask.png,"[34, 56]","[21, 30]","[0, 1, 2, 3, 4, 5, 6, 7]",RENDERED,COMPATIBLE,[],PIXEL_CONFIRMED,Animals/tribe_12_deers/adult_job49/metadata.json,Animals/tribe_12_deers/adult_job49/index.html
12,Deer,animal,49,49,adult_animal,Animal,adult,"[49, 48]",335,49,False,atomic,9,animal_bear_eat,20,[],,,0,,0,animal_deer_female_wait,animal_deer_female_wait,initial,0,Data\Engine2D\Bin\Bobs\CR_Ani_Body_00.bmd,Data\Engine2D\Bin\Bobs\CR_Ani_Body_00_s.bmd,,,[],deer01,,declared base palette (ordinal 0 of RNG list),[],"{""0"": [843, 843, 843, 843, 843, 843, 843, 844, 845, 846, 846, 846, 846, 846, 846, 846, 846, 846, 846, 846, 846, 846, 846, 846, 847, 848, 849, 850, 850, 850, 850, 850, 850, 850, 850, 850, 850, 850, 850, 850, 850, 850, 851, 852, 853, 854, 843], ""1"": [843, 843, 843, 843, 843, 843, 843, 844, 845, 846, 846, 846, 846, 846, 846, 846, 846, 846, 846, 846, 846, 846, 846, 846, 847, 848, 849, 850, 850, 850, 850, 850, 850, 850, 850, 850, 850, 850, 850, 850, 850, 850, 851, 852, 853, 854, 843], ""2"": [831, 831, 831, 831, 831, 831, 831, 832, 833, 834, 834, 834, 834, 834, 834, 834, 834, 834, 834, 834, 834, 834, 834, 834, 835, 836, 837, 838, 838, 838, 838, 838, 838, 838, 838, 838, 838, 838, 838, 838, 838, 838, 839, 840, 841, 842, 831], ""3"": [831, 831, 831, 831, 831, 831, 831, 832, 833, 834, 834, 834, 834, 834, 834, 834, 834, 834, 834, 834, 834, 834, 834, 834, 835, 836, 837, 838, 838, 838, 838, 838, 838, 838, 838, 838, 838, 838, 838, 838, 838, 838, 839, 840, 841, 842, 831], ""4"": [831, 831, 831, 831, 831, 831, 831, 832, 833, 834, 834, 834, 834, 834, 834, 834, 834, 834, 834, 834, 834, 834, 834, 834, 835, 836, 837, 838, 838, 838, 838, 838, 838, 838, 838, 838, 838, 838, 838, 838, 838, 838, 839, 840, 841, 842, 831], ""5"": [843, 843, 843, 843, 843, 843, 843, 844, 845, 846, 846, 846, 846, 846, 846, 846, 846, 846, 846, 846, 846, 846, 846, 846, 847, 848, 849, 850, 850, 850, 850, 850, 850, 850, 850, 850, 850, 850, 850, 850, 850, 850, 851, 852, 853, 854, 843], ""6"": [855, 855, 855, 855, 855, 855, 855, 856, 857, 858, 858, 858, 858, 858, 858, 858, 858, 858, 858, 858, 858, 858, 858, 858, 859, 860, 861, 862, 862, 862, 862, 862, 862, 862, 862, 862, 862, 862, 862, 862, 862, 862, 863, 864, 865, 866, 855], ""7"": [855, 855, 855, 855, 855, 855, 855, 856, 857, 858, 858, 858, 858, 858, 858, 858, 858, 858, 858, 858, 858, 858, 858, 858, 859, 860, 861, 862, 862, 862, 862, 862, 862, 862, 862, 862, 862, 862, 862, 862, 862, 862, 863, 864, 865, 866, 855]}",{},"frame = min(count-1, floor(count*progress/duration)); duration from atomic length",Animals/tribe_12_deers/Sheets/cr_ani_body_00__deer01/j49_A009_animal_deer_female_wait_s335.png,Animals/tribe_12_deers/Sheets/cr_ani_body_00__deer01/j49_A009_animal_deer_female_wait_s335__shadow_mask.png,"[34, 56]","[21, 30]","[0, 1, 2, 3, 4, 5, 6, 7]",RENDERED,COMPATIBLE,[],PIXEL_CONFIRMED,Animals/tribe_12_deers/adult_job49/metadata.json,Animals/tribe_12_deers/adult_job49/index.html
12,Deer,animal,49,49,adult_animal,Animal,adult,"[49, 48]",1129,49,False,walk,,,,[],0,,,100000,0,animal_deer_female_walk,animal_deer_female_walk,initial,0,Data\Engine2D\Bin\Bobs\CR_Ani_Body_00.bmd,Data\Engine2D\Bin\Bobs\CR_Ani_Body_00_s.bmd,,,[],deer01,,declared base palette (ordinal 0 of RNG list),[],"{""0"": [915, 916, 917, 918, 919, 920, 921, 922, 923, 924, 925, 926], ""1"": [927, 928, 929, 930, 931, 932, 933, 934, 935, 936, 937, 938], ""2"": [867, 868, 869, 870, 871, 872, 873, 874, 875, 876, 877, 878], ""3"": [879, 880, 881, 882, 883, 884, 885, 886, 887, 888, 889, 890], ""4"": [891, 892, 893, 894, 895, 896, 897, 898, 899, 900, 901, 902], ""5"": [903, 904, 905, 906, 907, 908, 909, 910, 911, 912, 913, 914], ""6"": [951, 952, 953, 954, 955, 956, 957, 958, 959, 960, 961, 962], ""7"": [939, 940, 941, 942, 943, 944, 945, 946, 947, 948, 949, 950]}",{},frame = frameTick % count (walk; caller frame tick),Animals/tribe_12_deers/Sheets/cr_ani_body_00__deer01/j49_W000_animal_deer_female_walk_s1129.png,Animals/tribe_12_deers/Sheets/cr_ani_body_00__deer01/j49_W000_animal_deer_female_walk_s1129__shadow_mask.png,"[58, 63]","[33, 40]","[0, 1, 2, 3, 4, 5, 6, 7]",RENDERED,COMPATIBLE,[],PIXEL_CONFIRMED,Animals/tribe_12_deers/adult_job49/metadata.json,Animals/tribe_12_deers/adult_job49/index.html
13,Dogs,animal,48,48,baby_animal,Young Animal,young,[48],306,48,False,atomic,2,animal_dog_baby_idle,100,[],,,0,,0,animal_dog_wait,animal_dog_wait,initial,0,Data\Engine2D\Bin\Bobs\CR_Ani_Body_00.bmd,Data\Engine2D\Bin\Bobs\CR_Ani_Body_00_s.bmd,,,[],house01,,declared base palette (ordinal 0 of RNG list),[],"{""0"": [1153, 1154, 1155, 1156, 1157, 1158, 1159, 1160, 1161, 1161, 1160, 1159, 1158, 1157, 1156, 1156, 1157, 1158, 1159, 1160, 1161, 1161, 1160, 1159, 1158, 1157, 1156, 1156, 1157, 1158, 1159, 1160, 1161, 1161, 1160, 1159, 1158, 1157, 1156, 1156, 1157, 1158, 1159, 1160, 1161, 1161, 1160, 1159, 1158, 1157, 1156, 1156, 1157, 1158, 1159, 1160, 1161, 1161, 1160, 1159, 1158, 1157, 1156, 1155, 1154, 1153], ""1"": [1153, 1154, 1155, 1156, 1157, 1158, 1159, 1160, 1161, 1161, 1160, 1159, 1158, 1157, 1156, 1156, 1157, 1158, 1159, 1160, 1161, 1161, 1160, 1159, 1158, 1157, 1156, 1156, 1157, 1158, 1159, 1160, 1161, 1161, 1160, 1159, 1158, 1157, 1156, 1156, 1157, 1158, 1159, 1160, 1161, 1161, 1160, 1159, 1158, 1157, 1156, 1156, 1157, 1158, 1159, 1160, 1161, 1161, 1160, 1159, 1158, 1157, 1156, 1155, 1154, 1153], ""2"": [1153, 1154, 1155, 1156, 1157, 1158, 1159, 1160, 1161, 1161, 1160, 1159, 1158, 1157, 1156, 1156, 1157, 1158, 1159, 1160, 1161, 1161, 1160, 1159, 1158, 1157, 1156, 1156, 1157, 1158, 1159, 1160, 1161, 1161, 1160, 1159, 1158, 1157, 1156, 1156, 1157, 1158, 1159, 1160, 1161, 1161, 1160, 1159, 1158, 1157, 1156, 1156, 1157, 1158, 1159, 1160, 1161, 1161, 1160, 1159, 1158, 1157, 1156, 1155, 1154, 1153], ""3"": [1153, 1154, 1155, 1156, 1157, 1158, 1159, 1160, 1161, 1161, 1160, 1159, 1158, 1157, 1156, 1156, 1157, 1158, 1159, 1160, 1161, 1161, 1160, 1159, 1158, 1157, 1156, 1156, 1157, 1158, 1159, 1160, 1161, 1161, 1160, 1159, 1158, 1157, 1156, 1156, 1157, 1158, 1159, 1160, 1161, 1161, 1160, 1159, 1158, 1157, 1156, 1156, 1157, 1158, 1159, 1160, 1161, 1161, 1160, 1159, 1158, 1157, 1156, 1155, 1154, 1153], ""4"": [1153, 1154, 1155, 1156, 1157, 1158, 1159, 1160, 1161, 1161, 1160, 1159, 1158, 1157, 1156, 1156, 1157, 1158, 1159, 1160, 1161, 1161, 1160, 1159, 1158, 1157, 1156, 1156, 1157, 1158, 1159, 1160, 1161, 1161, 1160, 1159, 1158, 1157, 1156, 1156, 1157, 1158, 1159, 1160, 1161, 1161, 1160, 1159, 1158, 1157, 1156, 1156, 1157, 1158, 1159, 1160, 1161, 1161, 1160, 1159, 1158, 1157, 1156, 1155, 1154, 1153], ""5"": [1153, 1154, 1155, 1156, 1157, 1158, 1159, 1160, 1161, 1161, 1160, 1159, 1158, 1157, 1156, 1156, 1157, 1158, 1159, 1160, 1161, 1161, 1160, 1159, 1158, 1157, 1156, 1156, 1157, 1158, 1159, 1160, 1161, 1161, 1160, 1159, 1158, 1157, 1156, 1156, 1157, 1158, 1159, 1160, 1161, 1161, 1160, 1159, 1158, 1157, 1156, 1156, 1157, 1158, 1159, 1160, 1161, 1161, 1160, 1159, 1158, 1157, 1156, 1155, 1154, 1153], ""6"": [1153, 1154, 1155, 1156, 1157, 1158, 1159, 1160, 1161, 1161, 1160, 1159, 1158, 1157, 1156, 1156, 1157, 1158, 1159, 1160, 1161, 1161, 1160, 1159, 1158, 1157, 1156, 1156, 1157, 1158, 1159, 1160, 1161, 1161, 1160, 1159, 1158, 1157, 1156, 1156, 1157, 1158, 1159, 1160, 1161, 1161, 1160, 1159, 1158, 1157, 1156, 1156, 1157, 1158, 1159, 1160, 1161, 1161, 1160, 1159, 1158, 1157, 1156, 1155, 1154, 1153], ""7"": [1153, 1154, 1155, 1156, 1157, 1158, 1159, 1160, 1161, 1161, 1160, 1159, 1158, 1157, 1156, 1156, 1157, 1158, 1159, 1160, 1161, 1161, 1160, 1159, 1158, 1157, 1156, 1156, 1157, 1158, 1159, 1160, 1161, 1161, 1160, 1159, 1158, 1157, 1156, 1156, 1157, 1158, 1159, 1160, 1161, 1161, 1160, 1159, 1158, 1157, 1156, 1156, 1157, 1158, 1159, 1160, 1161, 1161, 1160, 1159, 1158, 1157, 1156, 1155, 1154, 1153]}",{},"frame = min(count-1, floor(count*progress/duration)); duration from atomic length",Animals/tribe_13_dogs/Sheets/cr_ani_body_00__house01/j48_A002_animal_dog_wait_s306.png,Animals/tribe_13_dogs/Sheets/cr_ani_body_00__house01/j48_A002_animal_dog_wait_s306__shadow_mask.png,"[25, 41]","[18, 30]","[0, 1, 2, 3, 4, 5, 6, 7]",RENDERED,COMPATIBLE,[],PIXEL_CONFIRMED,Animals/tribe_13_dogs/young_job48/metadata.json,Animals/tribe_13_dogs/young_job48/index.html
13,Dogs,animal,48,48,baby_animal,Young Animal,young,[48],301,48,False,atomic,3,animal_dog_baby_idle,100,[],,,0,,0,animal_dog_wait,animal_dog_wait,initial,0,Data\Engine2D\Bin\Bobs\CR_Ani_Body_00.bmd,Data\Engine2D\Bin\Bobs\CR_Ani_Body_00_s.bmd,,,[],house01,,declared base palette (ordinal 0 of RNG list),[],"{""0"": [1153, 1154, 1155, 1156, 1157, 1158, 1159, 1160, 1161, 1161, 1160, 1159, 1158, 1157, 1156, 1156, 1157, 1158, 1159, 1160, 1161, 1161, 1160, 1159, 1158, 1157, 1156, 1156, 1157, 1158, 1159, 1160, 1161, 1161, 1160, 1159, 1158, 1157, 1156, 1156, 1157, 1158, 1159, 1160, 1161, 1161, 1160, 1159, 1158, 1157, 1156, 1156, 1157, 1158, 1159, 1160, 1161, 1161, 1160, 1159, 1158, 1157, 1156, 1155, 1154, 1153], ""1"": [1153, 1154, 1155, 1156, 1157, 1158, 1159, 1160, 1161, 1161, 1160, 1159, 1158, 1157, 1156, 1156, 1157, 1158, 1159, 1160, 1161, 1161, 1160, 1159, 1158, 1157, 1156, 1156, 1157, 1158, 1159, 1160, 1161, 1161, 1160, 1159, 1158, 1157, 1156, 1156, 1157, 1158, 1159, 1160, 1161, 1161, 1160, 1159, 1158, 1157, 1156, 1156, 1157, 1158, 1159, 1160, 1161, 1161, 1160, 1159, 1158, 1157, 1156, 1155, 1154, 1153], ""2"": [1153, 1154, 1155, 1156, 1157, 1158, 1159, 1160, 1161, 1161, 1160, 1159, 1158, 1157, 1156, 1156, 1157, 1158, 1159, 1160, 1161, 1161, 1160, 1159, 1158, 1157, 1156, 1156, 1157, 1158, 1159, 1160, 1161, 1161, 1160, 1159, 1158, 1157, 1156, 1156, 1157, 1158, 1159, 1160, 1161, 1161, 1160, 1159, 1158, 1157, 1156, 1156, 1157, 1158, 1159, 1160, 1161, 1161, 1160, 1159, 1158, 1157, 1156, 1155, 1154, 1153], ""3"": [1153, 1154, 1155, 1156, 1157, 1158, 1159, 1160, 1161, 1161, 1160, 1159, 1158, 1157, 1156, 1156, 1157, 1158, 1159, 1160, 1161, 1161, 1160, 1159, 1158, 1157, 1156, 1156, 1157, 1158, 1159, 1160, 1161, 1161, 1160, 1159, 1158, 1157, 1156, 1156, 1157, 1158, 1159, 1160, 1161, 1161, 1160, 1159, 1158, 1157, 1156, 1156, 1157, 1158, 1159, 1160, 1161, 1161, 1160, 1159, 1158, 1157, 1156, 1155, 1154, 1153], ""4"": [1153, 1154, 1155, 1156, 1157, 1158, 1159, 1160, 1161, 1161, 1160, 1159, 1158, 1157, 1156, 1156, 1157, 1158, 1159, 1160, 1161, 1161, 1160, 1159, 1158, 1157, 1156, 1156, 1157, 1158, 1159, 1160, 1161, 1161, 1160, 1159, 1158, 1157, 1156, 1156, 1157, 1158, 1159, 1160, 1161, 1161, 1160, 1159, 1158, 1157, 1156, 1156, 1157, 1158, 1159, 1160, 1161, 1161, 1160, 1159, 1158, 1157, 1156, 1155, 1154, 1153], ""5"": [1153, 1154, 1155, 1156, 1157, 1158, 1159, 1160, 1161, 1161, 1160, 1159, 1158, 1157, 1156, 1156, 1157, 1158, 1159, 1160, 1161, 1161, 1160, 1159, 1158, 1157, 1156, 1156, 1157, 1158, 1159, 1160, 1161, 1161, 1160, 1159, 1158, 1157, 1156, 1156, 1157, 1158, 1159, 1160, 1161, 1161, 1160, 1159, 1158, 1157, 1156, 1156, 1157, 1158, 1159, 1160, 1161, 1161, 1160, 1159, 1158, 1157, 1156, 1155, 1154, 1153], ""6"": [1153, 1154, 1155, 1156, 1157, 1158, 1159, 1160, 1161, 1161, 1160, 1159, 1158, 1157, 1156, 1156, 1157, 1158, 1159, 1160, 1161, 1161, 1160, 1159, 1158, 1157, 1156, 1156, 1157, 1158, 1159, 1160, 1161, 1161, 1160, 1159, 1158, 1157, 1156, 1156, 1157, 1158, 1159, 1160, 1161, 1161, 1160, 1159, 1158, 1157, 1156, 1156, 1157, 1158, 1159, 1160, 1161, 1161, 1160, 1159, 1158, 1157, 1156, 1155, 1154, 1153], ""7"": [1153, 1154, 1155, 1156, 1157, 1158, 1159, 1160, 1161, 1161, 1160, 1159, 1158, 1157, 1156, 1156, 1157, 1158, 1159, 1160, 1161, 1161, 1160, 1159, 1158, 1157, 1156, 1156, 1157, 1158, 1159, 1160, 1161, 1161, 1160, 1159, 1158, 1157, 1156, 1156, 1157, 1158, 1159, 1160, 1161, 1161, 1160, 1159, 1158, 1157, 1156, 1156, 1157, 1158, 1159, 1160, 1161, 1161, 1160, 1159, 1158, 1157, 1156, 1155, 1154, 1153]}",{},"frame = min(count-1, floor(count*progress/duration)); duration from atomic length",Animals/tribe_13_dogs/Sheets/cr_ani_body_00__house01/j48_A003_animal_dog_wait_s301.png,Animals/tribe_13_dogs/Sheets/cr_ani_body_00__house01/j48_A003_animal_dog_wait_s301__shadow_mask.png,"[25, 41]","[18, 30]","[0, 1, 2, 3, 4, 5, 6, 7]",RENDERED,COMPATIBLE,[],PIXEL_CONFIRMED,Animals/tribe_13_dogs/young_job48/metadata.json,Animals/tribe_13_dogs/young_job48/index.html
13,Dogs,animal,48,48,baby_animal,Young Animal,young,[48],302,48,False,atomic,4,animal_dog_baby_idle,100,[],,,0,,0,animal_dog_wait,animal_dog_wait,initial,0,Data\Engine2D\Bin\Bobs\CR_Ani_Body_00.bmd,Data\Engine2D\Bin\Bobs\CR_Ani_Body_00_s.bmd,,,[],house01,,declared base palette (ordinal 0 of RNG list),[],"{""0"": [1153, 1154, 1155, 1156, 1157, 1158, 1159, 1160, 1161, 1161, 1160, 1159, 1158, 1157, 1156, 1156, 1157, 1158, 1159, 1160, 1161, 1161, 1160, 1159, 1158, 1157, 1156, 1156, 1157, 1158, 1159, 1160, 1161, 1161, 1160, 1159, 1158, 1157, 1156, 1156, 1157, 1158, 1159, 1160, 1161, 1161, 1160, 1159, 1158, 1157, 1156, 1156, 1157, 1158, 1159, 1160, 1161, 1161, 1160, 1159, 1158, 1157, 1156, 1155, 1154, 1153], ""1"": [1153, 1154, 1155, 1156, 1157, 1158, 1159, 1160, 1161, 1161, 1160, 1159, 1158, 1157, 1156, 1156, 1157, 1158, 1159, 1160, 1161, 1161, 1160, 1159, 1158, 1157, 1156, 1156, 1157, 1158, 1159, 1160, 1161, 1161, 1160, 1159, 1158, 1157, 1156, 1156, 1157, 1158, 1159, 1160, 1161, 1161, 1160, 1159, 1158, 1157, 1156, 1156, 1157, 1158, 1159, 1160, 1161, 1161, 1160, 1159, 1158, 1157, 1156, 1155, 1154, 1153], ""2"": [1153, 1154, 1155, 1156, 1157, 1158, 1159, 1160, 1161, 1161, 1160, 1159, 1158, 1157, 1156, 1156, 1157, 1158, 1159, 1160, 1161, 1161, 1160, 1159, 1158, 1157, 1156, 1156, 1157, 1158, 1159, 1160, 1161, 1161, 1160, 1159, 1158, 1157, 1156, 1156, 1157, 1158, 1159, 1160, 1161, 1161, 1160, 1159, 1158, 1157, 1156, 1156, 1157, 1158, 1159, 1160, 1161, 1161, 1160, 1159, 1158, 1157, 1156, 1155, 1154, 1153], ""3"": [1153, 1154, 1155, 1156, 1157, 1158, 1159, 1160, 1161, 1161, 1160, 1159, 1158, 1157, 1156, 1156, 1157, 1158, 1159, 1160, 1161, 1161, 1160, 1159, 1158, 1157, 1156, 1156, 1157, 1158, 1159, 1160, 1161, 1161, 1160, 1159, 1158, 1157, 1156, 1156, 1157, 1158, 1159, 1160, 1161, 1161, 1160, 1159, 1158, 1157, 1156, 1156, 1157, 1158, 1159, 1160, 1161, 1161, 1160, 1159, 1158, 1157, 1156, 1155, 1154, 1153], ""4"": [1153, 1154, 1155, 1156, 1157, 1158, 1159, 1160, 1161, 1161, 1160, 1159, 1158, 1157, 1156, 1156, 1157, 1158, 1159, 1160, 1161, 1161, 1160, 1159, 1158, 1157, 1156, 1156, 1157, 1158, 1159, 1160, 1161, 1161, 1160, 1159, 1158, 1157, 1156, 1156, 1157, 1158, 1159, 1160, 1161, 1161, 1160, 1159, 1158, 1157, 1156, 1156, 1157, 1158, 1159, 1160, 1161, 1161, 1160, 1159, 1158, 1157, 1156, 1155, 1154, 1153], ""5"": [1153, 1154, 1155, 1156, 1157, 1158, 1159, 1160, 1161, 1161, 1160, 1159, 1158, 1157, 1156, 1156, 1157, 1158, 1159, 1160, 1161, 1161, 1160, 1159, 1158, 1157, 1156, 1156, 1157, 1158, 1159, 1160, 1161, 1161, 1160, 1159, 1158, 1157, 1156, 1156, 1157, 1158, 1159, 1160, 1161, 1161, 1160, 1159, 1158, 1157, 1156, 1156, 1157, 1158, 1159, 1160, 1161, 1161, 1160, 1159, 1158, 1157, 1156, 1155, 1154, 1153], ""6"": [1153, 1154, 1155, 1156, 1157, 1158, 1159, 1160, 1161, 1161, 1160, 1159, 1158, 1157, 1156, 1156, 1157, 1158, 1159, 1160, 1161, 1161, 1160, 1159, 1158, 1157, 1156, 1156, 1157, 1158, 1159, 1160, 1161, 1161, 1160, 1159, 1158, 1157, 1156, 1156, 1157, 1158, 1159, 1160, 1161, 1161, 1160, 1159, 1158, 1157, 1156, 1156, 1157, 1158, 1159, 1160, 1161, 1161, 1160, 1159, 1158, 1157, 1156, 1155, 1154, 1153], ""7"": [1153, 1154, 1155, 1156, 1157, 1158, 1159, 1160, 1161, 1161, 1160, 1159, 1158, 1157, 1156, 1156, 1157, 1158, 1159, 1160, 1161, 1161, 1160, 1159, 1158, 1157, 1156, 1156, 1157, 1158, 1159, 1160, 1161, 1161, 1160, 1159, 1158, 1157, 1156, 1156, 1157, 1158, 1159, 1160, 1161, 1161, 1160, 1159, 1158, 1157, 1156, 1156, 1157, 1158, 1159, 1160, 1161, 1161, 1160, 1159, 1158, 1157, 1156, 1155, 1154, 1153]}",{},"frame = min(count-1, floor(count*progress/duration)); duration from atomic length",Animals/tribe_13_dogs/Sheets/cr_ani_body_00__house01/j48_A004_animal_dog_wait_s302.png,Animals/tribe_13_dogs/Sheets/cr_ani_body_00__house01/j48_A004_animal_dog_wait_s302__shadow_mask.png,"[25, 41]","[18, 30]","[0, 1, 2, 3, 4, 5, 6, 7]",RENDERED,COMPATIBLE,[],PIXEL_CONFIRMED,Animals/tribe_13_dogs/young_job48/metadata.json,Animals/tribe_13_dogs/young_job48/index.html
13,Dogs,animal,48,48,baby_animal,Young Animal,young,[48],303,48,False,atomic,5,animal_dog_baby_idle,100,[],,,0,,0,animal_dog_wait,animal_dog_wait,initial,0,Data\Engine2D\Bin\Bobs\CR_Ani_Body_00.bmd,Data\Engine2D\Bin\Bobs\CR_Ani_Body_00_s.bmd,,,[],house01,,declared base palette (ordinal 0 of RNG list),[],"{""0"": [1153, 1154, 1155, 1156, 1157, 1158, 1159, 1160, 1161, 1161, 1160, 1159, 1158, 1157, 1156, 1156, 1157, 1158, 1159, 1160, 1161, 1161, 1160, 1159, 1158, 1157, 1156, 1156, 1157, 1158, 1159, 1160, 1161, 1161, 1160, 1159, 1158, 1157, 1156, 1156, 1157, 1158, 1159, 1160, 1161, 1161, 1160, 1159, 1158, 1157, 1156, 1156, 1157, 1158, 1159, 1160, 1161, 1161, 1160, 1159, 1158, 1157, 1156, 1155, 1154, 1153], ""1"": [1153, 1154, 1155, 1156, 1157, 1158, 1159, 1160, 1161, 1161, 1160, 1159, 1158, 1157, 1156, 1156, 1157, 1158, 1159, 1160, 1161, 1161, 1160, 1159, 1158, 1157, 1156, 1156, 1157, 1158, 1159, 1160, 1161, 1161, 1160, 1159, 1158, 1157, 1156, 1156, 1157, 1158, 1159, 1160, 1161, 1161, 1160, 1159, 1158, 1157, 1156, 1156, 1157, 1158, 1159, 1160, 1161, 1161, 1160, 1159, 1158, 1157, 1156, 1155, 1154, 1153], ""2"": [1153, 1154, 1155, 1156, 1157, 1158, 1159, 1160, 1161, 1161, 1160, 1159, 1158, 1157, 1156, 1156, 1157, 1158, 1159, 1160, 1161, 1161, 1160, 1159, 1158, 1157, 1156, 1156, 1157, 1158, 1159, 1160, 1161, 1161, 1160, 1159, 1158, 1157, 1156, 1156, 1157, 1158, 1159, 1160, 1161, 1161, 1160, 1159, 1158, 1157, 1156, 1156, 1157, 1158, 1159, 1160, 1161, 1161, 1160, 1159, 1158, 1157, 1156, 1155, 1154, 1153], ""3"": [1153, 1154, 1155, 1156, 1157, 1158, 1159, 1160, 1161, 1161, 1160, 1159, 1158, 1157, 1156, 1156, 1157, 1158, 1159, 1160, 1161, 1161, 1160, 1159, 1158, 1157, 1156, 1156, 1157, 1158, 1159, 1160, 1161, 1161, 1160, 1159, 1158, 1157, 1156, 1156, 1157, 1158, 1159, 1160, 1161, 1161, 1160, 1159, 1158, 1157, 1156, 1156, 1157, 1158, 1159, 1160, 1161, 1161, 1160, 1159, 1158, 1157, 1156, 1155, 1154, 1153], ""4"": [1153, 1154, 1155, 1156, 1157, 1158, 1159, 1160, 1161, 1161, 1160, 1159, 1158, 1157, 1156, 1156, 1157, 1158, 1159, 1160, 1161, 1161, 1160, 1159, 1158, 1157, 1156, 1156, 1157, 1158, 1159, 1160, 1161, 1161, 1160, 1159, 1158, 1157, 1156, 1156, 1157, 1158, 1159, 1160, 1161, 1161, 1160, 1159, 1158, 1157, 1156, 1156, 1157, 1158, 1159, 1160, 1161, 1161, 1160, 1159, 1158, 1157, 1156, 1155, 1154, 1153], ""5"": [1153, 1154, 1155, 1156, 1157, 1158, 1159, 1160, 1161, 1161, 1160, 1159, 1158, 1157, 1156, 1156, 1157, 1158, 1159, 1160, 1161, 1161, 1160, 1159, 1158, 1157, 1156, 1156, 1157, 1158, 1159, 1160, 1161, 1161, 1160, 1159, 1158, 1157, 1156, 1156, 1157, 1158, 1159, 1160, 1161, 1161, 1160, 1159, 1158, 1157, 1156, 1156, 1157, 1158, 1159, 1160, 1161, 1161, 1160, 1159, 1158, 1157, 1156, 1155, 1154, 1153], ""6"": [1153, 1154, 1155, 1156, 1157, 1158, 1159, 1160, 1161, 1161, 1160, 1159, 1158, 1157, 1156, 1156, 1157, 1158, 1159, 1160, 1161, 1161, 1160, 1159, 1158, 1157, 1156, 1156, 1157, 1158, 1159, 1160, 1161, 1161, 1160, 1159, 1158, 1157, 1156, 1156, 1157, 1158, 1159, 1160, 1161, 1161, 1160, 1159, 1158, 1157, 1156, 1156, 1157, 1158, 1159, 1160, 1161, 1161, 1160, 1159, 1158, 1157, 1156, 1155, 1154, 1153], ""7"": [1153, 1154, 1155, 1156, 1157, 1158, 1159, 1160, 1161, 1161, 1160, 1159, 1158, 1157, 1156, 1156, 1157, 1158, 1159, 1160, 1161, 1161, 1160, 1159, 1158, 1157, 1156, 1156, 1157, 1158, 1159, 1160, 1161, 1161, 1160, 1159, 1158, 1157, 1156, 1156, 1157, 1158, 1159, 1160, 1161, 1161, 1160, 1159, 1158, 1157, 1156, 1156, 1157, 1158, 1159, 1160, 1161, 1161, 1160, 1159, 1158, 1157, 1156, 1155, 1154, 1153]}",{},"frame = min(count-1, floor(count*progress/duration)); duration from atomic length",Animals/tribe_13_dogs/Sheets/cr_ani_body_00__house01/j48_A005_animal_dog_wait_s303.png,Animals/tribe_13_dogs/Sheets/cr_ani_body_00__house01/j48_A005_animal_dog_wait_s303__shadow_mask.png,"[25, 41]","[18, 30]","[0, 1, 2, 3, 4, 5, 6, 7]",RENDERED,COMPATIBLE,[],PIXEL_CONFIRMED,Animals/tribe_13_dogs/young_job48/metadata.json,Animals/tribe_13_dogs/young_job48/index.html
13,Dogs,animal,48,48,baby_animal,Young Animal,young,[48],304,48,False,atomic,6,animal_dog_baby_idle,100,[],,,0,,0,animal_dog_wait,animal_dog_wait,initial,0,Data\Engine2D\Bin\Bobs\CR_Ani_Body_00.bmd,Data\Engine2D\Bin\Bobs\CR_Ani_Body_00_s.bmd,,,[],house01,,declared base palette (ordinal 0 of RNG list),[],"{""0"": [1153, 1154, 1155, 1156, 1157, 1158, 1159, 1160, 1161, 1161, 1160, 1159, 1158, 1157, 1156, 1156, 1157, 1158, 1159, 1160, 1161, 1161, 1160, 1159, 1158, 1157, 1156, 1156, 1157, 1158, 1159, 1160, 1161, 1161, 1160, 1159, 1158, 1157, 1156, 1156, 1157, 1158, 1159, 1160, 1161, 1161, 1160, 1159, 1158, 1157, 1156, 1156, 1157, 1158, 1159, 1160, 1161, 1161, 1160, 1159, 1158, 1157, 1156, 1155, 1154, 1153], ""1"": [1153, 1154, 1155, 1156, 1157, 1158, 1159, 1160, 1161, 1161, 1160, 1159, 1158, 1157, 1156, 1156, 1157, 1158, 1159, 1160, 1161, 1161, 1160, 1159, 1158, 1157, 1156, 1156, 1157, 1158, 1159, 1160, 1161, 1161, 1160, 1159, 1158, 1157, 1156, 1156, 1157, 1158, 1159, 1160, 1161, 1161, 1160, 1159, 1158, 1157, 1156, 1156, 1157, 1158, 1159, 1160, 1161, 1161, 1160, 1159, 1158, 1157, 1156, 1155, 1154, 1153], ""2"": [1153, 1154, 1155, 1156, 1157, 1158, 1159, 1160, 1161, 1161, 1160, 1159, 1158, 1157, 1156, 1156, 1157, 1158, 1159, 1160, 1161, 1161, 1160, 1159, 1158, 1157, 1156, 1156, 1157, 1158, 1159, 1160, 1161, 1161, 1160, 1159, 1158, 1157, 1156, 1156, 1157, 1158, 1159, 1160, 1161, 1161, 1160, 1159, 1158, 1157, 1156, 1156, 1157, 1158, 1159, 1160, 1161, 1161, 1160, 1159, 1158, 1157, 1156, 1155, 1154, 1153], ""3"": [1153, 1154, 1155, 1156, 1157, 1158, 1159, 1160, 1161, 1161, 1160, 1159, 1158, 1157, 1156, 1156, 1157, 1158, 1159, 1160, 1161, 1161, 1160, 1159, 1158, 1157, 1156, 1156, 1157, 1158, 1159, 1160, 1161, 1161, 1160, 1159, 1158, 1157, 1156, 1156, 1157, 1158, 1159, 1160, 1161, 1161, 1160, 1159, 1158, 1157, 1156, 1156, 1157, 1158, 1159, 1160, 1161, 1161, 1160, 1159, 1158, 1157, 1156, 1155, 1154, 1153], ""4"": [1153, 1154, 1155, 1156, 1157, 1158, 1159, 1160, 1161, 1161, 1160, 1159, 1158, 1157, 1156, 1156, 1157, 1158, 1159, 1160, 1161, 1161, 1160, 1159, 1158, 1157, 1156, 1156, 1157, 1158, 1159, 1160, 1161, 1161, 1160, 1159, 1158, 1157, 1156, 1156, 1157, 1158, 1159, 1160, 1161, 1161, 1160, 1159, 1158, 1157, 1156, 1156, 1157, 1158, 1159, 1160, 1161, 1161, 1160, 1159, 1158, 1157, 1156, 1155, 1154, 1153], ""5"": [1153, 1154, 1155, 1156, 1157, 1158, 1159, 1160, 1161, 1161, 1160, 1159, 1158, 1157, 1156, 1156, 1157, 1158, 1159, 1160, 1161, 1161, 1160, 1159, 1158, 1157, 1156, 1156, 1157, 1158, 1159, 1160, 1161, 1161, 1160, 1159, 1158, 1157, 1156, 1156, 1157, 1158, 1159, 1160, 1161, 1161, 1160, 1159, 1158, 1157, 1156, 1156, 1157, 1158, 1159, 1160, 1161, 1161, 1160, 1159, 1158, 1157, 1156, 1155, 1154, 1153], ""6"": [1153, 1154, 1155, 1156, 1157, 1158, 1159, 1160, 1161, 1161, 1160, 1159, 1158, 1157, 1156, 1156, 1157, 1158, 1159, 1160, 1161, 1161, 1160, 1159, 1158, 1157, 1156, 1156, 1157, 1158, 1159, 1160, 1161, 1161, 1160, 1159, 1158, 1157, 1156, 1156, 1157, 1158, 1159, 1160, 1161, 1161, 1160, 1159, 1158, 1157, 1156, 1156, 1157, 1158, 1159, 1160, 1161, 1161, 1160, 1159, 1158, 1157, 1156, 1155, 1154, 1153], ""7"": [1153, 1154, 1155, 1156, 1157, 1158, 1159, 1160, 1161, 1161, 1160, 1159, 1158, 1157, 1156, 1156, 1157, 1158, 1159, 1160, 1161, 1161, 1160, 1159, 1158, 1157, 1156, 1156, 1157, 1158, 1159, 1160, 1161, 1161, 1160, 1159, 1158, 1157, 1156, 1156, 1157, 1158, 1159, 1160, 1161, 1161, 1160, 1159, 1158, 1157, 1156, 1156, 1157, 1158, 1159, 1160, 1161, 1161, 1160, 1159, 1158, 1157, 1156, 1155, 1154, 1153]}",{},"frame = min(count-1, floor(count*progress/duration)); duration from atomic length",Animals/tribe_13_dogs/Sheets/cr_ani_body_00__house01/j48_A006_animal_dog_wait_s304.png,Animals/tribe_13_dogs/Sheets/cr_ani_body_00__house01/j48_A006_animal_dog_wait_s304__shadow_mask.png,"[25, 41]","[18, 30]","[0, 1, 2, 3, 4, 5, 6, 7]",RENDERED,COMPATIBLE,[],PIXEL_CONFIRMED,Animals/tribe_13_dogs/young_job48/metadata.json,Animals/tribe_13_dogs/young_job48/index.html
13,Dogs,animal,48,48,baby_animal,Young Animal,young,[48],305,48,False,atomic,7,animal_dog_baby_idle,100,[],,,0,,0,animal_dog_wait,animal_dog_wait,initial,0,Data\Engine2D\Bin\Bobs\CR_Ani_Body_00.bmd,Data\Engine2D\Bin\Bobs\CR_Ani_Body_00_s.bmd,,,[],house01,,declared base palette (ordinal 0 of RNG list),[],"{""0"": [1153, 1154, 1155, 1156, 1157, 1158, 1159, 1160, 1161, 1161, 1160, 1159, 1158, 1157, 1156, 1156, 1157, 1158, 1159, 1160, 1161, 1161, 1160, 1159, 1158, 1157, 1156, 1156, 1157, 1158, 1159, 1160, 1161, 1161, 1160, 1159, 1158, 1157, 1156, 1156, 1157, 1158, 1159, 1160, 1161, 1161, 1160, 1159, 1158, 1157, 1156, 1156, 1157, 1158, 1159, 1160, 1161, 1161, 1160, 1159, 1158, 1157, 1156, 1155, 1154, 1153], ""1"": [1153, 1154, 1155, 1156, 1157, 1158, 1159, 1160, 1161, 1161, 1160, 1159, 1158, 1157, 1156, 1156, 1157, 1158, 1159, 1160, 1161, 1161, 1160, 1159, 1158, 1157, 1156, 1156, 1157, 1158, 1159, 1160, 1161, 1161, 1160, 1159, 1158, 1157, 1156, 1156, 1157, 1158, 1159, 1160, 1161, 1161, 1160, 1159, 1158, 1157, 1156, 1156, 1157, 1158, 1159, 1160, 1161, 1161, 1160, 1159, 1158, 1157, 1156, 1155, 1154, 1153], ""2"": [1153, 1154, 1155, 1156, 1157, 1158, 1159, 1160, 1161, 1161, 1160, 1159, 1158, 1157, 1156, 1156, 1157, 1158, 1159, 1160, 1161, 1161, 1160, 1159, 1158, 1157, 1156, 1156, 1157, 1158, 1159, 1160, 1161, 1161, 1160, 1159, 1158, 1157, 1156, 1156, 1157, 1158, 1159, 1160, 1161, 1161, 1160, 1159, 1158, 1157, 1156, 1156, 1157, 1158, 1159, 1160, 1161, 1161, 1160, 1159, 1158, 1157, 1156, 1155, 1154, 1153], ""3"": [1153, 1154, 1155, 1156, 1157, 1158, 1159, 1160, 1161, 1161, 1160, 1159, 1158, 1157, 1156, 1156, 1157, 1158, 1159, 1160, 1161, 1161, 1160, 1159, 1158, 1157, 1156, 1156, 1157, 1158, 1159, 1160, 1161, 1161, 1160, 1159, 1158, 1157, 1156, 1156, 1157, 1158, 1159, 1160, 1161, 1161, 1160, 1159, 1158, 1157, 1156, 1156, 1157, 1158, 1159, 1160, 1161, 1161, 1160, 1159, 1158, 1157, 1156, 1155, 1154, 1153], ""4"": [1153, 1154, 1155, 1156, 1157, 1158, 1159, 1160, 1161, 1161, 1160, 1159, 1158, 1157, 1156, 1156, 1157, 1158, 1159, 1160, 1161, 1161, 1160, 1159, 1158, 1157, 1156, 1156, 1157, 1158, 1159, 1160, 1161, 1161, 1160, 1159, 1158, 1157, 1156, 1156, 1157, 1158, 1159, 1160, 1161, 1161, 1160, 1159, 1158, 1157, 1156, 1156, 1157, 1158, 1159, 1160, 1161, 1161, 1160, 1159, 1158, 1157, 1156, 1155, 1154, 1153], ""5"": [1153, 1154, 1155, 1156, 1157, 1158, 1159, 1160, 1161, 1161, 1160, 1159, 1158, 1157, 1156, 1156, 1157, 1158, 1159, 1160, 1161, 1161, 1160, 1159, 1158, 1157, 1156, 1156, 1157, 1158, 1159, 1160, 1161, 1161, 1160, 1159, 1158, 1157, 1156, 1156, 1157, 1158, 1159, 1160, 1161, 1161, 1160, 1159, 1158, 1157, 1156, 1156, 1157, 1158, 1159, 1160, 1161, 1161, 1160, 1159, 1158, 1157, 1156, 1155, 1154, 1153], ""6"": [1153, 1154, 1155, 1156, 1157, 1158, 1159, 1160, 1161, 1161, 1160, 1159, 1158, 1157, 1156, 1156, 1157, 1158, 1159, 1160, 1161, 1161, 1160, 1159, 1158, 1157, 1156, 1156, 1157, 1158, 1159, 1160, 1161, 1161, 1160, 1159, 1158, 1157, 1156, 1156, 1157, 1158, 1159, 1160, 1161, 1161, 1160, 1159, 1158, 1157, 1156, 1156, 1157, 1158, 1159, 1160, 1161, 1161, 1160, 1159, 1158, 1157, 1156, 1155, 1154, 1153], ""7"": [1153, 1154, 1155, 1156, 1157, 1158, 1159, 1160, 1161, 1161, 1160, 1159, 1158, 1157, 1156, 1156, 1157, 1158, 1159, 1160, 1161, 1161, 1160, 1159, 1158, 1157, 1156, 1156, 1157, 1158, 1159, 1160, 1161, 1161, 1160, 1159, 1158, 1157, 1156, 1156, 1157, 1158, 1159, 1160, 1161, 1161, 1160, 1159, 1158, 1157, 1156, 1156, 1157, 1158, 1159, 1160, 1161, 1161, 1160, 1159, 1158, 1157, 1156, 1155, 1154, 1153]}",{},"frame = min(count-1, floor(count*progress/duration)); duration from atomic length",Animals/tribe_13_dogs/Sheets/cr_ani_body_00__house01/j48_A007_animal_dog_wait_s305.png,Animals/tribe_13_dogs/Sheets/cr_ani_body_00__house01/j48_A007_animal_dog_wait_s305__shadow_mask.png,"[25, 41]","[18, 30]","[0, 1, 2, 3, 4, 5, 6, 7]",RENDERED,COMPATIBLE,[],PIXEL_CONFIRMED,Animals/tribe_13_dogs/young_job48/metadata.json,Animals/tribe_13_dogs/young_job48/index.html
13,Dogs,animal,48,48,baby_animal,Young Animal,young,[48],307,48,False,atomic,9,animal_bear_eat,20,[],,,0,,0,animal_dog_wait,animal_dog_wait,initial,0,Data\Engine2D\Bin\Bobs\CR_Ani_Body_00.bmd,Data\Engine2D\Bin\Bobs\CR_Ani_Body_00_s.bmd,,,[],house01,,declared base palette (ordinal 0 of RNG list),[],"{""0"": [1153, 1154, 1155, 1156, 1157, 1158, 1159, 1160, 1161, 1161, 1160, 1159, 1158, 1157, 1156, 1156, 1157, 1158, 1159, 1160, 1161, 1161, 1160, 1159, 1158, 1157, 1156, 1156, 1157, 1158, 1159, 1160, 1161, 1161, 1160, 1159, 1158, 1157, 1156, 1156, 1157, 1158, 1159, 1160, 1161, 1161, 1160, 1159, 1158, 1157, 1156, 1156, 1157, 1158, 1159, 1160, 1161, 1161, 1160, 1159, 1158, 1157, 1156, 1155, 1154, 1153], ""1"": [1153, 1154, 1155, 1156, 1157, 1158, 1159, 1160, 1161, 1161, 1160, 1159, 1158, 1157, 1156, 1156, 1157, 1158, 1159, 1160, 1161, 1161, 1160, 1159, 1158, 1157, 1156, 1156, 1157, 1158, 1159, 1160, 1161, 1161, 1160, 1159, 1158, 1157, 1156, 1156, 1157, 1158, 1159, 1160, 1161, 1161, 1160, 1159, 1158, 1157, 1156, 1156, 1157, 1158, 1159, 1160, 1161, 1161, 1160, 1159, 1158, 1157, 1156, 1155, 1154, 1153], ""2"": [1153, 1154, 1155, 1156, 1157, 1158, 1159, 1160, 1161, 1161, 1160, 1159, 1158, 1157, 1156, 1156, 1157, 1158, 1159, 1160, 1161, 1161, 1160, 1159, 1158, 1157, 1156, 1156, 1157, 1158, 1159, 1160, 1161, 1161, 1160, 1159, 1158, 1157, 1156, 1156, 1157, 1158, 1159, 1160, 1161, 1161, 1160, 1159, 1158, 1157, 1156, 1156, 1157, 1158, 1159, 1160, 1161, 1161, 1160, 1159, 1158, 1157, 1156, 1155, 1154, 1153], ""3"": [1153, 1154, 1155, 1156, 1157, 1158, 1159, 1160, 1161, 1161, 1160, 1159, 1158, 1157, 1156, 1156, 1157, 1158, 1159, 1160, 1161, 1161, 1160, 1159, 1158, 1157, 1156, 1156, 1157, 1158, 1159, 1160, 1161, 1161, 1160, 1159, 1158, 1157, 1156, 1156, 1157, 1158, 1159, 1160, 1161, 1161, 1160, 1159, 1158, 1157, 1156, 1156, 1157, 1158, 1159, 1160, 1161, 1161, 1160, 1159, 1158, 1157, 1156, 1155, 1154, 1153], ""4"": [1153, 1154, 1155, 1156, 1157, 1158, 1159, 1160, 1161, 1161, 1160, 1159, 1158, 1157, 1156, 1156, 1157, 1158, 1159, 1160, 1161, 1161, 1160, 1159, 1158, 1157, 1156, 1156, 1157, 1158, 1159, 1160, 1161, 1161, 1160, 1159, 1158, 1157, 1156, 1156, 1157, 1158, 1159, 1160, 1161, 1161, 1160, 1159, 1158, 1157, 1156, 1156, 1157, 1158, 1159, 1160, 1161, 1161, 1160, 1159, 1158, 1157, 1156, 1155, 1154, 1153], ""5"": [1153, 1154, 1155, 1156, 1157, 1158, 1159, 1160, 1161, 1161, 1160, 1159, 1158, 1157, 1156, 1156, 1157, 1158, 1159, 1160, 1161, 1161, 1160, 1159, 1158, 1157, 1156, 1156, 1157, 1158, 1159, 1160, 1161, 1161, 1160, 1159, 1158, 1157, 1156, 1156, 1157, 1158, 1159, 1160, 1161, 1161, 1160, 1159, 1158, 1157, 1156, 1156, 1157, 1158, 1159, 1160, 1161, 1161, 1160, 1159, 1158, 1157, 1156, 1155, 1154, 1153], ""6"": [1153, 1154, 1155, 1156, 1157, 1158, 1159, 1160, 1161, 1161, 1160, 1159, 1158, 1157, 1156, 1156, 1157, 1158, 1159, 1160, 1161, 1161, 1160, 1159, 1158, 1157, 1156, 1156, 1157, 1158, 1159, 1160, 1161, 1161, 1160, 1159, 1158, 1157, 1156, 1156, 1157, 1158, 1159, 1160, 1161, 1161, 1160, 1159, 1158, 1157, 1156, 1156, 1157, 1158, 1159, 1160, 1161, 1161, 1160, 1159, 1158, 1157, 1156, 1155, 1154, 1153], ""7"": [1153, 1154, 1155, 1156, 1157, 1158, 1159, 1160, 1161, 1161, 1160, 1159, 1158, 1157, 1156, 1156, 1157, 1158, 1159, 1160, 1161, 1161, 1160, 1159, 1158, 1157, 1156, 1156, 1157, 1158, 1159, 1160, 1161, 1161, 1160, 1159, 1158, 1157, 1156, 1156, 1157, 1158, 1159, 1160, 1161, 1161, 1160, 1159, 1158, 1157, 1156, 1156, 1157, 1158, 1159, 1160, 1161, 1161, 1160, 1159, 1158, 1157, 1156, 1155, 1154, 1153]}",{},"frame = min(count-1, floor(count*progress/duration)); duration from atomic length",Animals/tribe_13_dogs/Sheets/cr_ani_body_00__house01/j48_A009_animal_dog_wait_s307.png,Animals/tribe_13_dogs/Sheets/cr_ani_body_00__house01/j48_A009_animal_dog_wait_s307__shadow_mask.png,"[25, 41]","[18, 30]","[0, 1, 2, 3, 4, 5, 6, 7]",RENDERED,COMPATIBLE,[],PIXEL_CONFIRMED,Animals/tribe_13_dogs/young_job48/metadata.json,Animals/tribe_13_dogs/young_job48/index.html
13,Dogs,animal,48,48,baby_animal,Young Animal,young,[48],1125,48,False,walk,,,,[],0,,,100000,0,animal_dog_walk,animal_dog_walk,initial,0,Data\Engine2D\Bin\Bobs\CR_Ani_Body_00.bmd,Data\Engine2D\Bin\Bobs\CR_Ani_Body_00_s.bmd,,,[],house01,,declared base palette (ordinal 0 of RNG list),[],"{""0"": [1212, 1213, 1214, 1215, 1216, 1217, 1218, 1219, 1220, 1221, 1222, 1223], ""1"": [1224, 1225, 1226, 1227, 1228, 1229, 1230, 1231, 1232, 1233, 1234, 1235], ""2"": [1164, 1165, 1166, 1167, 1168, 1169, 1170, 1171, 1172, 1173, 1174, 1175], ""3"": [1176, 1177, 1178, 1179, 1180, 1181, 1182, 1183, 1184, 1185, 1186, 1187], ""4"": [1188, 1189, 1190, 1191, 1192, 1193, 1194, 1195, 1196, 1197, 1198, 1199], ""5"": [1200, 1201, 1202, 1203, 1204, 1205, 1206, 1207, 1208, 1209, 1210, 1211], ""6"": [1248, 1249, 1250, 1251, 1252, 1253, 1254, 1255, 1256, 1257, 1258, 1259], ""7"": [1236, 1237, 1238, 1239, 1240, 1241, 1242, 1243, 1244, 1245, 1246, 1247]}",{},frame = frameTick % count (walk; caller frame tick),Animals/tribe_13_dogs/Sheets/cr_ani_body_00__house01/j48_W000_animal_dog_walk_s1125.png,Animals/tribe_13_dogs/Sheets/cr_ani_body_00__house01/j48_W000_animal_dog_walk_s1125__shadow_mask.png,"[43, 44]","[26, 35]","[0, 1, 2, 3, 4, 5, 6, 7]",RENDERED,COMPATIBLE,[],PIXEL_CONFIRMED,Animals/tribe_13_dogs/young_job48/metadata.json,Animals/tribe_13_dogs/young_job48/index.html
13,Dogs,animal,49,49,adult_animal,Animal,adult,"[49, 48]",299,49,False,atomic,2,animal_dog_adult_idle,100,[],,,0,,0,animal_dog_wait,animal_dog_wait,initial,0,Data\Engine2D\Bin\Bobs\CR_Ani_Body_00.bmd,Data\Engine2D\Bin\Bobs\CR_Ani_Body_00_s.bmd,,,[],house01,,declared base palette (ordinal 0 of RNG list),[],"{""0"": [1153, 1154, 1155, 1156, 1157, 1158, 1159, 1160, 1161, 1161, 1160, 1159, 1158, 1157, 1156, 1156, 1157, 1158, 1159, 1160, 1161, 1161, 1160, 1159, 1158, 1157, 1156, 1156, 1157, 1158, 1159, 1160, 1161, 1161, 1160, 1159, 1158, 1157, 1156, 1156, 1157, 1158, 1159, 1160, 1161, 1161, 1160, 1159, 1158, 1157, 1156, 1156, 1157, 1158, 1159, 1160, 1161, 1161, 1160, 1159, 1158, 1157, 1156, 1155, 1154, 1153], ""1"": [1153, 1154, 1155, 1156, 1157, 1158, 1159, 1160, 1161, 1161, 1160, 1159, 1158, 1157, 1156, 1156, 1157, 1158, 1159, 1160, 1161, 1161, 1160, 1159, 1158, 1157, 1156, 1156, 1157, 1158, 1159, 1160, 1161, 1161, 1160, 1159, 1158, 1157, 1156, 1156, 1157, 1158, 1159, 1160, 1161, 1161, 1160, 1159, 1158, 1157, 1156, 1156, 1157, 1158, 1159, 1160, 1161, 1161, 1160, 1159, 1158, 1157, 1156, 1155, 1154, 1153], ""2"": [1153, 1154, 1155, 1156, 1157, 1158, 1159, 1160, 1161, 1161, 1160, 1159, 1158, 1157, 1156, 1156, 1157, 1158, 1159, 1160, 1161, 1161, 1160, 1159, 1158, 1157, 1156, 1156, 1157, 1158, 1159, 1160, 1161, 1161, 1160, 1159, 1158, 1157, 1156, 1156, 1157, 1158, 1159, 1160, 1161, 1161, 1160, 1159, 1158, 1157, 1156, 1156, 1157, 1158, 1159, 1160, 1161, 1161, 1160, 1159, 1158, 1157, 1156, 1155, 1154, 1153], ""3"": [1153, 1154, 1155, 1156, 1157, 1158, 1159, 1160, 1161, 1161, 1160, 1159, 1158, 1157, 1156, 1156, 1157, 1158, 1159, 1160, 1161, 1161, 1160, 1159, 1158, 1157, 1156, 1156, 1157, 1158, 1159, 1160, 1161, 1161, 1160, 1159, 1158, 1157, 1156, 1156, 1157, 1158, 1159, 1160, 1161, 1161, 1160, 1159, 1158, 1157, 1156, 1156, 1157, 1158, 1159, 1160, 1161, 1161, 1160, 1159, 1158, 1157, 1156, 1155, 1154, 1153], ""4"": [1153, 1154, 1155, 1156, 1157, 1158, 1159, 1160, 1161, 1161, 1160, 1159, 1158, 1157, 1156, 1156, 1157, 1158, 1159, 1160, 1161, 1161, 1160, 1159, 1158, 1157, 1156, 1156, 1157, 1158, 1159, 1160, 1161, 1161, 1160, 1159, 1158, 1157, 1156, 1156, 1157, 1158, 1159, 1160, 1161, 1161, 1160, 1159, 1158, 1157, 1156, 1156, 1157, 1158, 1159, 1160, 1161, 1161, 1160, 1159, 1158, 1157, 1156, 1155, 1154, 1153], ""5"": [1153, 1154, 1155, 1156, 1157, 1158, 1159, 1160, 1161, 1161, 1160, 1159, 1158, 1157, 1156, 1156, 1157, 1158, 1159, 1160, 1161, 1161, 1160, 1159, 1158, 1157, 1156, 1156, 1157, 1158, 1159, 1160, 1161, 1161, 1160, 1159, 1158, 1157, 1156, 1156, 1157, 1158, 1159, 1160, 1161, 1161, 1160, 1159, 1158, 1157, 1156, 1156, 1157, 1158, 1159, 1160, 1161, 1161, 1160, 1159, 1158, 1157, 1156, 1155, 1154, 1153], ""6"": [1153, 1154, 1155, 1156, 1157, 1158, 1159, 1160, 1161, 1161, 1160, 1159, 1158, 1157, 1156, 1156, 1157, 1158, 1159, 1160, 1161, 1161, 1160, 1159, 1158, 1157, 1156, 1156, 1157, 1158, 1159, 1160, 1161, 1161, 1160, 1159, 1158, 1157, 1156, 1156, 1157, 1158, 1159, 1160, 1161, 1161, 1160, 1159, 1158, 1157, 1156, 1156, 1157, 1158, 1159, 1160, 1161, 1161, 1160, 1159, 1158, 1157, 1156, 1155, 1154, 1153], ""7"": [1153, 1154, 1155, 1156, 1157, 1158, 1159, 1160, 1161, 1161, 1160, 1159, 1158, 1157, 1156, 1156, 1157, 1158, 1159, 1160, 1161, 1161, 1160, 1159, 1158, 1157, 1156, 1156, 1157, 1158, 1159, 1160, 1161, 1161, 1160, 1159, 1158, 1157, 1156, 1156, 1157, 1158, 1159, 1160, 1161, 1161, 1160, 1159, 1158, 1157, 1156, 1156, 1157, 1158, 1159, 1160, 1161, 1161, 1160, 1159, 1158, 1157, 1156, 1155, 1154, 1153]}",{},"frame = min(count-1, floor(count*progress/duration)); duration from atomic length",Animals/tribe_13_dogs/Sheets/cr_ani_body_00__house01/j49_A002_animal_dog_wait_s299.png,Animals/tribe_13_dogs/Sheets/cr_ani_body_00__house01/j49_A002_animal_dog_wait_s299__shadow_mask.png,"[25, 41]","[18, 30]","[0, 1, 2, 3, 4, 5, 6, 7]",RENDERED,COMPATIBLE,[],PIXEL_CONFIRMED,Animals/tribe_13_dogs/adult_job49/metadata.json,Animals/tribe_13_dogs/adult_job49/index.html
13,Dogs,animal,49,49,adult_animal,Animal,adult,"[49, 48]",294,49,False,atomic,3,animal_dog_adult_idle,100,[],,,0,,0,animal_dog_wait,animal_dog_wait,initial,0,Data\Engine2D\Bin\Bobs\CR_Ani_Body_00.bmd,Data\Engine2D\Bin\Bobs\CR_Ani_Body_00_s.bmd,,,[],house01,,declared base palette (ordinal 0 of RNG list),[],"{""0"": [1153, 1154, 1155, 1156, 1157, 1158, 1159, 1160, 1161, 1161, 1160, 1159, 1158, 1157, 1156, 1156, 1157, 1158, 1159, 1160, 1161, 1161, 1160, 1159, 1158, 1157, 1156, 1156, 1157, 1158, 1159, 1160, 1161, 1161, 1160, 1159, 1158, 1157, 1156, 1156, 1157, 1158, 1159, 1160, 1161, 1161, 1160, 1159, 1158, 1157, 1156, 1156, 1157, 1158, 1159, 1160, 1161, 1161, 1160, 1159, 1158, 1157, 1156, 1155, 1154, 1153], ""1"": [1153, 1154, 1155, 1156, 1157, 1158, 1159, 1160, 1161, 1161, 1160, 1159, 1158, 1157, 1156, 1156, 1157, 1158, 1159, 1160, 1161, 1161, 1160, 1159, 1158, 1157, 1156, 1156, 1157, 1158, 1159, 1160, 1161, 1161, 1160, 1159, 1158, 1157, 1156, 1156, 1157, 1158, 1159, 1160, 1161, 1161, 1160, 1159, 1158, 1157, 1156, 1156, 1157, 1158, 1159, 1160, 1161, 1161, 1160, 1159, 1158, 1157, 1156, 1155, 1154, 1153], ""2"": [1153, 1154, 1155, 1156, 1157, 1158, 1159, 1160, 1161, 1161, 1160, 1159, 1158, 1157, 1156, 1156, 1157, 1158, 1159, 1160, 1161, 1161, 1160, 1159, 1158, 1157, 1156, 1156, 1157, 1158, 1159, 1160, 1161, 1161, 1160, 1159, 1158, 1157, 1156, 1156, 1157, 1158, 1159, 1160, 1161, 1161, 1160, 1159, 1158, 1157, 1156, 1156, 1157, 1158, 1159, 1160, 1161, 1161, 1160, 1159, 1158, 1157, 1156, 1155, 1154, 1153], ""3"": [1153, 1154, 1155, 1156, 1157, 1158, 1159, 1160, 1161, 1161, 1160, 1159, 1158, 1157, 1156, 1156, 1157, 1158, 1159, 1160, 1161, 1161, 1160, 1159, 1158, 1157, 1156, 1156, 1157, 1158, 1159, 1160, 1161, 1161, 1160, 1159, 1158, 1157, 1156, 1156, 1157, 1158, 1159, 1160, 1161, 1161, 1160, 1159, 1158, 1157, 1156, 1156, 1157, 1158, 1159, 1160, 1161, 1161, 1160, 1159, 1158, 1157, 1156, 1155, 1154, 1153], ""4"": [1153, 1154, 1155, 1156, 1157, 1158, 1159, 1160, 1161, 1161, 1160, 1159, 1158, 1157, 1156, 1156, 1157, 1158, 1159, 1160, 1161, 1161, 1160, 1159, 1158, 1157, 1156, 1156, 1157, 1158, 1159, 1160, 1161, 1161, 1160, 1159, 1158, 1157, 1156, 1156, 1157, 1158, 1159, 1160, 1161, 1161, 1160, 1159, 1158, 1157, 1156, 1156, 1157, 1158, 1159, 1160, 1161, 1161, 1160, 1159, 1158, 1157, 1156, 1155, 1154, 1153], ""5"": [1153, 1154, 1155, 1156, 1157, 1158, 1159, 1160, 1161, 1161, 1160, 1159, 1158, 1157, 1156, 1156, 1157, 1158, 1159, 1160, 1161, 1161, 1160, 1159, 1158, 1157, 1156, 1156, 1157, 1158, 1159, 1160, 1161, 1161, 1160, 1159, 1158, 1157, 1156, 1156, 1157, 1158, 1159, 1160, 1161, 1161, 1160, 1159, 1158, 1157, 1156, 1156, 1157, 1158, 1159, 1160, 1161, 1161, 1160, 1159, 1158, 1157, 1156, 1155, 1154, 1153], ""6"": [1153, 1154, 1155, 1156, 1157, 1158, 1159, 1160, 1161, 1161, 1160, 1159, 1158, 1157, 1156, 1156, 1157, 1158, 1159, 1160, 1161, 1161, 1160, 1159, 1158, 1157, 1156, 1156, 1157, 1158, 1159, 1160, 1161, 1161, 1160, 1159, 1158, 1157, 1156, 1156, 1157, 1158, 1159, 1160, 1161, 1161, 1160, 1159, 1158, 1157, 1156, 1156, 1157, 1158, 1159, 1160, 1161, 1161, 1160, 1159, 1158, 1157, 1156, 1155, 1154, 1153], ""7"": [1153, 1154, 1155, 1156, 1157, 1158, 1159, 1160, 1161, 1161, 1160, 1159, 1158, 1157, 1156, 1156, 1157, 1158, 1159, 1160, 1161, 1161, 1160, 1159, 1158, 1157, 1156, 1156, 1157, 1158, 1159, 1160, 1161, 1161, 1160, 1159, 1158, 1157, 1156, 1156, 1157, 1158, 1159, 1160, 1161, 1161, 1160, 1159, 1158, 1157, 1156, 1156, 1157, 1158, 1159, 1160, 1161, 1161, 1160, 1159, 1158, 1157, 1156, 1155, 1154, 1153]}",{},"frame = min(count-1, floor(count*progress/duration)); duration from atomic length",Animals/tribe_13_dogs/Sheets/cr_ani_body_00__house01/j49_A003_animal_dog_wait_s294.png,Animals/tribe_13_dogs/Sheets/cr_ani_body_00__house01/j49_A003_animal_dog_wait_s294__shadow_mask.png,"[25, 41]","[18, 30]","[0, 1, 2, 3, 4, 5, 6, 7]",RENDERED,COMPATIBLE,[],PIXEL_CONFIRMED,Animals/tribe_13_dogs/adult_job49/metadata.json,Animals/tribe_13_dogs/adult_job49/index.html
13,Dogs,animal,49,49,adult_animal,Animal,adult,"[49, 48]",295,49,False,atomic,4,animal_dog_adult_idle,100,[],,,0,,0,animal_dog_wait,animal_dog_wait,initial,0,Data\Engine2D\Bin\Bobs\CR_Ani_Body_00.bmd,Data\Engine2D\Bin\Bobs\CR_Ani_Body_00_s.bmd,,,[],house01,,declared base palette (ordinal 0 of RNG list),[],"{""0"": [1153, 1154, 1155, 1156, 1157, 1158, 1159, 1160, 1161, 1161, 1160, 1159, 1158, 1157, 1156, 1156, 1157, 1158, 1159, 1160, 1161, 1161, 1160, 1159, 1158, 1157, 1156, 1156, 1157, 1158, 1159, 1160, 1161, 1161, 1160, 1159, 1158, 1157, 1156, 1156, 1157, 1158, 1159, 1160, 1161, 1161, 1160, 1159, 1158, 1157, 1156, 1156, 1157, 1158, 1159, 1160, 1161, 1161, 1160, 1159, 1158, 1157, 1156, 1155, 1154, 1153], ""1"": [1153, 1154, 1155, 1156, 1157, 1158, 1159, 1160, 1161, 1161, 1160, 1159, 1158, 1157, 1156, 1156, 1157, 1158, 1159, 1160, 1161, 1161, 1160, 1159, 1158, 1157, 1156, 1156, 1157, 1158, 1159, 1160, 1161, 1161, 1160, 1159, 1158, 1157, 1156, 1156, 1157, 1158, 1159, 1160, 1161, 1161, 1160, 1159, 1158, 1157, 1156, 1156, 1157, 1158, 1159, 1160, 1161, 1161, 1160, 1159, 1158, 1157, 1156, 1155, 1154, 1153], ""2"": [1153, 1154, 1155, 1156, 1157, 1158, 1159, 1160, 1161, 1161, 1160, 1159, 1158, 1157, 1156, 1156, 1157, 1158, 1159, 1160, 1161, 1161, 1160, 1159, 1158, 1157, 1156, 1156, 1157, 1158, 1159, 1160, 1161, 1161, 1160, 1159, 1158, 1157, 1156, 1156, 1157, 1158, 1159, 1160, 1161, 1161, 1160, 1159, 1158, 1157, 1156, 1156, 1157, 1158, 1159, 1160, 1161, 1161, 1160, 1159, 1158, 1157, 1156, 1155, 1154, 1153], ""3"": [1153, 1154, 1155, 1156, 1157, 1158, 1159, 1160, 1161, 1161, 1160, 1159, 1158, 1157, 1156, 1156, 1157, 1158, 1159, 1160, 1161, 1161, 1160, 1159, 1158, 1157, 1156, 1156, 1157, 1158, 1159, 1160, 1161, 1161, 1160, 1159, 1158, 1157, 1156, 1156, 1157, 1158, 1159, 1160, 1161, 1161, 1160, 1159, 1158, 1157, 1156, 1156, 1157, 1158, 1159, 1160, 1161, 1161, 1160, 1159, 1158, 1157, 1156, 1155, 1154, 1153], ""4"": [1153, 1154, 1155, 1156, 1157, 1158, 1159, 1160, 1161, 1161, 1160, 1159, 1158, 1157, 1156, 1156, 1157, 1158, 1159, 1160, 1161, 1161, 1160, 1159, 1158, 1157, 1156, 1156, 1157, 1158, 1159, 1160, 1161, 1161, 1160, 1159, 1158, 1157, 1156, 1156, 1157, 1158, 1159, 1160, 1161, 1161, 1160, 1159, 1158, 1157, 1156, 1156, 1157, 1158, 1159, 1160, 1161, 1161, 1160, 1159, 1158, 1157, 1156, 1155, 1154, 1153], ""5"": [1153, 1154, 1155, 1156, 1157, 1158, 1159, 1160, 1161, 1161, 1160, 1159, 1158, 1157, 1156, 1156, 1157, 1158, 1159, 1160, 1161, 1161, 1160, 1159, 1158, 1157, 1156, 1156, 1157, 1158, 1159, 1160, 1161, 1161, 1160, 1159, 1158, 1157, 1156, 1156, 1157, 1158, 1159, 1160, 1161, 1161, 1160, 1159, 1158, 1157, 1156, 1156, 1157, 1158, 1159, 1160, 1161, 1161, 1160, 1159, 1158, 1157, 1156, 1155, 1154, 1153], ""6"": [1153, 1154, 1155, 1156, 1157, 1158, 1159, 1160, 1161, 1161, 1160, 1159, 1158, 1157, 1156, 1156, 1157, 1158, 1159, 1160, 1161, 1161, 1160, 1159, 1158, 1157, 1156, 1156, 1157, 1158, 1159, 1160, 1161, 1161, 1160, 1159, 1158, 1157, 1156, 1156, 1157, 1158, 1159, 1160, 1161, 1161, 1160, 1159, 1158, 1157, 1156, 1156, 1157, 1158, 1159, 1160, 1161, 1161, 1160, 1159, 1158, 1157, 1156, 1155, 1154, 1153], ""7"": [1153, 1154, 1155, 1156, 1157, 1158, 1159, 1160, 1161, 1161, 1160, 1159, 1158, 1157, 1156, 1156, 1157, 1158, 1159, 1160, 1161, 1161, 1160, 1159, 1158, 1157, 1156, 1156, 1157, 1158, 1159, 1160, 1161, 1161, 1160, 1159, 1158, 1157, 1156, 1156, 1157, 1158, 1159, 1160, 1161, 1161, 1160, 1159, 1158, 1157, 1156, 1156, 1157, 1158, 1159, 1160, 1161, 1161, 1160, 1159, 1158, 1157, 1156, 1155, 1154, 1153]}",{},"frame = min(count-1, floor(count*progress/duration)); duration from atomic length",Animals/tribe_13_dogs/Sheets/cr_ani_body_00__house01/j49_A004_animal_dog_wait_s295.png,Animals/tribe_13_dogs/Sheets/cr_ani_body_00__house01/j49_A004_animal_dog_wait_s295__shadow_mask.png,"[25, 41]","[18, 30]","[0, 1, 2, 3, 4, 5, 6, 7]",RENDERED,COMPATIBLE,[],PIXEL_CONFIRMED,Animals/tribe_13_dogs/adult_job49/metadata.json,Animals/tribe_13_dogs/adult_job49/index.html
13,Dogs,animal,49,49,adult_animal,Animal,adult,"[49, 48]",296,49,False,atomic,5,animal_dog_adult_idle,100,[],,,0,,0,animal_dog_wait,animal_dog_wait,initial,0,Data\Engine2D\Bin\Bobs\CR_Ani_Body_00.bmd,Data\Engine2D\Bin\Bobs\CR_Ani_Body_00_s.bmd,,,[],house01,,declared base palette (ordinal 0 of RNG list),[],"{""0"": [1153, 1154, 1155, 1156, 1157, 1158, 1159, 1160, 1161, 1161, 1160, 1159, 1158, 1157, 1156, 1156, 1157, 1158, 1159, 1160, 1161, 1161, 1160, 1159, 1158, 1157, 1156, 1156, 1157, 1158, 1159, 1160, 1161, 1161, 1160, 1159, 1158, 1157, 1156, 1156, 1157, 1158, 1159, 1160, 1161, 1161, 1160, 1159, 1158, 1157, 1156, 1156, 1157, 1158, 1159, 1160, 1161, 1161, 1160, 1159, 1158, 1157, 1156, 1155, 1154, 1153], ""1"": [1153, 1154, 1155, 1156, 1157, 1158, 1159, 1160, 1161, 1161, 1160, 1159, 1158, 1157, 1156, 1156, 1157, 1158, 1159, 1160, 1161, 1161, 1160, 1159, 1158, 1157, 1156, 1156, 1157, 1158, 1159, 1160, 1161, 1161, 1160, 1159, 1158, 1157, 1156, 1156, 1157, 1158, 1159, 1160, 1161, 1161, 1160, 1159, 1158, 1157, 1156, 1156, 1157, 1158, 1159, 1160, 1161, 1161, 1160, 1159, 1158, 1157, 1156, 1155, 1154, 1153], ""2"": [1153, 1154, 1155, 1156, 1157, 1158, 1159, 1160, 1161, 1161, 1160, 1159, 1158, 1157, 1156, 1156, 1157, 1158, 1159, 1160, 1161, 1161, 1160, 1159, 1158, 1157, 1156, 1156, 1157, 1158, 1159, 1160, 1161, 1161, 1160, 1159, 1158, 1157, 1156, 1156, 1157, 1158, 1159, 1160, 1161, 1161, 1160, 1159, 1158, 1157, 1156, 1156, 1157, 1158, 1159, 1160, 1161, 1161, 1160, 1159, 1158, 1157, 1156, 1155, 1154, 1153], ""3"": [1153, 1154, 1155, 1156, 1157, 1158, 1159, 1160, 1161, 1161, 1160, 1159, 1158, 1157, 1156, 1156, 1157, 1158, 1159, 1160, 1161, 1161, 1160, 1159, 1158, 1157, 1156, 1156, 1157, 1158, 1159, 1160, 1161, 1161, 1160, 1159, 1158, 1157, 1156, 1156, 1157, 1158, 1159, 1160, 1161, 1161, 1160, 1159, 1158, 1157, 1156, 1156, 1157, 1158, 1159, 1160, 1161, 1161, 1160, 1159, 1158, 1157, 1156, 1155, 1154, 1153], ""4"": [1153, 1154, 1155, 1156, 1157, 1158, 1159, 1160, 1161, 1161, 1160, 1159, 1158, 1157, 1156, 1156, 1157, 1158, 1159, 1160, 1161, 1161, 1160, 1159, 1158, 1157, 1156, 1156, 1157, 1158, 1159, 1160, 1161, 1161, 1160, 1159, 1158, 1157, 1156, 1156, 1157, 1158, 1159, 1160, 1161, 1161, 1160, 1159, 1158, 1157, 1156, 1156, 1157, 1158, 1159, 1160, 1161, 1161, 1160, 1159, 1158, 1157, 1156, 1155, 1154, 1153], ""5"": [1153, 1154, 1155, 1156, 1157, 1158, 1159, 1160, 1161, 1161, 1160, 1159, 1158, 1157, 1156, 1156, 1157, 1158, 1159, 1160, 1161, 1161, 1160, 1159, 1158, 1157, 1156, 1156, 1157, 1158, 1159, 1160, 1161, 1161, 1160, 1159, 1158, 1157, 1156, 1156, 1157, 1158, 1159, 1160, 1161, 1161, 1160, 1159, 1158, 1157, 1156, 1156, 1157, 1158, 1159, 1160, 1161, 1161, 1160, 1159, 1158, 1157, 1156, 1155, 1154, 1153], ""6"": [1153, 1154, 1155, 1156, 1157, 1158, 1159, 1160, 1161, 1161, 1160, 1159, 1158, 1157, 1156, 1156, 1157, 1158, 1159, 1160, 1161, 1161, 1160, 1159, 1158, 1157, 1156, 1156, 1157, 1158, 1159, 1160, 1161, 1161, 1160, 1159, 1158, 1157, 1156, 1156, 1157, 1158, 1159, 1160, 1161, 1161, 1160, 1159, 1158, 1157, 1156, 1156, 1157, 1158, 1159, 1160, 1161, 1161, 1160, 1159, 1158, 1157, 1156, 1155, 1154, 1153], ""7"": [1153, 1154, 1155, 1156, 1157, 1158, 1159, 1160, 1161, 1161, 1160, 1159, 1158, 1157, 1156, 1156, 1157, 1158, 1159, 1160, 1161, 1161, 1160, 1159, 1158, 1157, 1156, 1156, 1157, 1158, 1159, 1160, 1161, 1161, 1160, 1159, 1158, 1157, 1156, 1156, 1157, 1158, 1159, 1160, 1161, 1161, 1160, 1159, 1158, 1157, 1156, 1156, 1157, 1158, 1159, 1160, 1161, 1161, 1160, 1159, 1158, 1157, 1156, 1155, 1154, 1153]}",{},"frame = min(count-1, floor(count*progress/duration)); duration from atomic length",Animals/tribe_13_dogs/Sheets/cr_ani_body_00__house01/j49_A005_animal_dog_wait_s296.png,Animals/tribe_13_dogs/Sheets/cr_ani_body_00__house01/j49_A005_animal_dog_wait_s296__shadow_mask.png,"[25, 41]","[18, 30]","[0, 1, 2, 3, 4, 5, 6, 7]",RENDERED,COMPATIBLE,[],PIXEL_CONFIRMED,Animals/tribe_13_dogs/adult_job49/metadata.json,Animals/tribe_13_dogs/adult_job49/index.html
13,Dogs,animal,49,49,adult_animal,Animal,adult,"[49, 48]",297,49,False,atomic,6,animal_dog_adult_idle,100,[],,,0,,0,animal_dog_wait,animal_dog_wait,initial,0,Data\Engine2D\Bin\Bobs\CR_Ani_Body_00.bmd,Data\Engine2D\Bin\Bobs\CR_Ani_Body_00_s.bmd,,,[],house01,,declared base palette (ordinal 0 of RNG list),[],"{""0"": [1153, 1154, 1155, 1156, 1157, 1158, 1159, 1160, 1161, 1161, 1160, 1159, 1158, 1157, 1156, 1156, 1157, 1158, 1159, 1160, 1161, 1161, 1160, 1159, 1158, 1157, 1156, 1156, 1157, 1158, 1159, 1160, 1161, 1161, 1160, 1159, 1158, 1157, 1156, 1156, 1157, 1158, 1159, 1160, 1161, 1161, 1160, 1159, 1158, 1157, 1156, 1156, 1157, 1158, 1159, 1160, 1161, 1161, 1160, 1159, 1158, 1157, 1156, 1155, 1154, 1153], ""1"": [1153, 1154, 1155, 1156, 1157, 1158, 1159, 1160, 1161, 1161, 1160, 1159, 1158, 1157, 1156, 1156, 1157, 1158, 1159, 1160, 1161, 1161, 1160, 1159, 1158, 1157, 1156, 1156, 1157, 1158, 1159, 1160, 1161, 1161, 1160, 1159, 1158, 1157, 1156, 1156, 1157, 1158, 1159, 1160, 1161, 1161, 1160, 1159, 1158, 1157, 1156, 1156, 1157, 1158, 1159, 1160, 1161, 1161, 1160, 1159, 1158, 1157, 1156, 1155, 1154, 1153], ""2"": [1153, 1154, 1155, 1156, 1157, 1158, 1159, 1160, 1161, 1161, 1160, 1159, 1158, 1157, 1156, 1156, 1157, 1158, 1159, 1160, 1161, 1161, 1160, 1159, 1158, 1157, 1156, 1156, 1157, 1158, 1159, 1160, 1161, 1161, 1160, 1159, 1158, 1157, 1156, 1156, 1157, 1158, 1159, 1160, 1161, 1161, 1160, 1159, 1158, 1157, 1156, 1156, 1157, 1158, 1159, 1160, 1161, 1161, 1160, 1159, 1158, 1157, 1156, 1155, 1154, 1153], ""3"": [1153, 1154, 1155, 1156, 1157, 1158, 1159, 1160, 1161, 1161, 1160, 1159, 1158, 1157, 1156, 1156, 1157, 1158, 1159, 1160, 1161, 1161, 1160, 1159, 1158, 1157, 1156, 1156, 1157, 1158, 1159, 1160, 1161, 1161, 1160, 1159, 1158, 1157, 1156, 1156, 1157, 1158, 1159, 1160, 1161, 1161, 1160, 1159, 1158, 1157, 1156, 1156, 1157, 1158, 1159, 1160, 1161, 1161, 1160, 1159, 1158, 1157, 1156, 1155, 1154, 1153], ""4"": [1153, 1154, 1155, 1156, 1157, 1158, 1159, 1160, 1161, 1161, 1160, 1159, 1158, 1157, 1156, 1156, 1157, 1158, 1159, 1160, 1161, 1161, 1160, 1159, 1158, 1157, 1156, 1156, 1157, 1158, 1159, 1160, 1161, 1161, 1160, 1159, 1158, 1157, 1156, 1156, 1157, 1158, 1159, 1160, 1161, 1161, 1160, 1159, 1158, 1157, 1156, 1156, 1157, 1158, 1159, 1160, 1161, 1161, 1160, 1159, 1158, 1157, 1156, 1155, 1154, 1153], ""5"": [1153, 1154, 1155, 1156, 1157, 1158, 1159, 1160, 1161, 1161, 1160, 1159, 1158, 1157, 1156, 1156, 1157, 1158, 1159, 1160, 1161, 1161, 1160, 1159, 1158, 1157, 1156, 1156, 1157, 1158, 1159, 1160, 1161, 1161, 1160, 1159, 1158, 1157, 1156, 1156, 1157, 1158, 1159, 1160, 1161, 1161, 1160, 1159, 1158, 1157, 1156, 1156, 1157, 1158, 1159, 1160, 1161, 1161, 1160, 1159, 1158, 1157, 1156, 1155, 1154, 1153], ""6"": [1153, 1154, 1155, 1156, 1157, 1158, 1159, 1160, 1161, 1161, 1160, 1159, 1158, 1157, 1156, 1156, 1157, 1158, 1159, 1160, 1161, 1161, 1160, 1159, 1158, 1157, 1156, 1156, 1157, 1158, 1159, 1160, 1161, 1161, 1160, 1159, 1158, 1157, 1156, 1156, 1157, 1158, 1159, 1160, 1161, 1161, 1160, 1159, 1158, 1157, 1156, 1156, 1157, 1158, 1159, 1160, 1161, 1161, 1160, 1159, 1158, 1157, 1156, 1155, 1154, 1153], ""7"": [1153, 1154, 1155, 1156, 1157, 1158, 1159, 1160, 1161, 1161, 1160, 1159, 1158, 1157, 1156, 1156, 1157, 1158, 1159, 1160, 1161, 1161, 1160, 1159, 1158, 1157, 1156, 1156, 1157, 1158, 1159, 1160, 1161, 1161, 1160, 1159, 1158, 1157, 1156, 1156, 1157, 1158, 1159, 1160, 1161, 1161, 1160, 1159, 1158, 1157, 1156, 1156, 1157, 1158, 1159, 1160, 1161, 1161, 1160, 1159, 1158, 1157, 1156, 1155, 1154, 1153]}",{},"frame = min(count-1, floor(count*progress/duration)); duration from atomic length",Animals/tribe_13_dogs/Sheets/cr_ani_body_00__house01/j49_A006_animal_dog_wait_s297.png,Animals/tribe_13_dogs/Sheets/cr_ani_body_00__house01/j49_A006_animal_dog_wait_s297__shadow_mask.png,"[25, 41]","[18, 30]","[0, 1, 2, 3, 4, 5, 6, 7]",RENDERED,COMPATIBLE,[],PIXEL_CONFIRMED,Animals/tribe_13_dogs/adult_job49/metadata.json,Animals/tribe_13_dogs/adult_job49/index.html
13,Dogs,animal,49,49,adult_animal,Animal,adult,"[49, 48]",298,49,False,atomic,7,animal_dog_adult_idle,100,[],,,0,,0,animal_dog_wait,animal_dog_wait,initial,0,Data\Engine2D\Bin\Bobs\CR_Ani_Body_00.bmd,Data\Engine2D\Bin\Bobs\CR_Ani_Body_00_s.bmd,,,[],house01,,declared base palette (ordinal 0 of RNG list),[],"{""0"": [1153, 1154, 1155, 1156, 1157, 1158, 1159, 1160, 1161, 1161, 1160, 1159, 1158, 1157, 1156, 1156, 1157, 1158, 1159, 1160, 1161, 1161, 1160, 1159, 1158, 1157, 1156, 1156, 1157, 1158, 1159, 1160, 1161, 1161, 1160, 1159, 1158, 1157, 1156, 1156, 1157, 1158, 1159, 1160, 1161, 1161, 1160, 1159, 1158, 1157, 1156, 1156, 1157, 1158, 1159, 1160, 1161, 1161, 1160, 1159, 1158, 1157, 1156, 1155, 1154, 1153], ""1"": [1153, 1154, 1155, 1156, 1157, 1158, 1159, 1160, 1161, 1161, 1160, 1159, 1158, 1157, 1156, 1156, 1157, 1158, 1159, 1160, 1161, 1161, 1160, 1159, 1158, 1157, 1156, 1156, 1157, 1158, 1159, 1160, 1161, 1161, 1160, 1159, 1158, 1157, 1156, 1156, 1157, 1158, 1159, 1160, 1161, 1161, 1160, 1159, 1158, 1157, 1156, 1156, 1157, 1158, 1159, 1160, 1161, 1161, 1160, 1159, 1158, 1157, 1156, 1155, 1154, 1153], ""2"": [1153, 1154, 1155, 1156, 1157, 1158, 1159, 1160, 1161, 1161, 1160, 1159, 1158, 1157, 1156, 1156, 1157, 1158, 1159, 1160, 1161, 1161, 1160, 1159, 1158, 1157, 1156, 1156, 1157, 1158, 1159, 1160, 1161, 1161, 1160, 1159, 1158, 1157, 1156, 1156, 1157, 1158, 1159, 1160, 1161, 1161, 1160, 1159, 1158, 1157, 1156, 1156, 1157, 1158, 1159, 1160, 1161, 1161, 1160, 1159, 1158, 1157, 1156, 1155, 1154, 1153], ""3"": [1153, 1154, 1155, 1156, 1157, 1158, 1159, 1160, 1161, 1161, 1160, 1159, 1158, 1157, 1156, 1156, 1157, 1158, 1159, 1160, 1161, 1161, 1160, 1159, 1158, 1157, 1156, 1156, 1157, 1158, 1159, 1160, 1161, 1161, 1160, 1159, 1158, 1157, 1156, 1156, 1157, 1158, 1159, 1160, 1161, 1161, 1160, 1159, 1158, 1157, 1156, 1156, 1157, 1158, 1159, 1160, 1161, 1161, 1160, 1159, 1158, 1157, 1156, 1155, 1154, 1153], ""4"": [1153, 1154, 1155, 1156, 1157, 1158, 1159, 1160, 1161, 1161, 1160, 1159, 1158, 1157, 1156, 1156, 1157, 1158, 1159, 1160, 1161, 1161, 1160, 1159, 1158, 1157, 1156, 1156, 1157, 1158, 1159, 1160, 1161, 1161, 1160, 1159, 1158, 1157, 1156, 1156, 1157, 1158, 1159, 1160, 1161, 1161, 1160, 1159, 1158, 1157, 1156, 1156, 1157, 1158, 1159, 1160, 1161, 1161, 1160, 1159, 1158, 1157, 1156, 1155, 1154, 1153], ""5"": [1153, 1154, 1155, 1156, 1157, 1158, 1159, 1160, 1161, 1161, 1160, 1159, 1158, 1157, 1156, 1156, 1157, 1158, 1159, 1160, 1161, 1161, 1160, 1159, 1158, 1157, 1156, 1156, 1157, 1158, 1159, 1160, 1161, 1161, 1160, 1159, 1158, 1157, 1156, 1156, 1157, 1158, 1159, 1160, 1161, 1161, 1160, 1159, 1158, 1157, 1156, 1156, 1157, 1158, 1159, 1160, 1161, 1161, 1160, 1159, 1158, 1157, 1156, 1155, 1154, 1153], ""6"": [1153, 1154, 1155, 1156, 1157, 1158, 1159, 1160, 1161, 1161, 1160, 1159, 1158, 1157, 1156, 1156, 1157, 1158, 1159, 1160, 1161, 1161, 1160, 1159, 1158, 1157, 1156, 1156, 1157, 1158, 1159, 1160, 1161, 1161, 1160, 1159, 1158, 1157, 1156, 1156, 1157, 1158, 1159, 1160, 1161, 1161, 1160, 1159, 1158, 1157, 1156, 1156, 1157, 1158, 1159, 1160, 1161, 1161, 1160, 1159, 1158, 1157, 1156, 1155, 1154, 1153], ""7"": [1153, 1154, 1155, 1156, 1157, 1158, 1159, 1160, 1161, 1161, 1160, 1159, 1158, 1157, 1156, 1156, 1157, 1158, 1159, 1160, 1161, 1161, 1160, 1159, 1158, 1157, 1156, 1156, 1157, 1158, 1159, 1160, 1161, 1161, 1160, 1159, 1158, 1157, 1156, 1156, 1157, 1158, 1159, 1160, 1161, 1161, 1160, 1159, 1158, 1157, 1156, 1156, 1157, 1158, 1159, 1160, 1161, 1161, 1160, 1159, 1158, 1157, 1156, 1155, 1154, 1153]}",{},"frame = min(count-1, floor(count*progress/duration)); duration from atomic length",Animals/tribe_13_dogs/Sheets/cr_ani_body_00__house01/j49_A007_animal_dog_wait_s298.png,Animals/tribe_13_dogs/Sheets/cr_ani_body_00__house01/j49_A007_animal_dog_wait_s298__shadow_mask.png,"[25, 41]","[18, 30]","[0, 1, 2, 3, 4, 5, 6, 7]",RENDERED,COMPATIBLE,[],PIXEL_CONFIRMED,Animals/tribe_13_dogs/adult_job49/metadata.json,Animals/tribe_13_dogs/adult_job49/index.html
13,Dogs,animal,49,49,adult_animal,Animal,adult,"[49, 48]",300,49,False,atomic,9,animal_bear_eat,20,[],,,0,,0,animal_dog_wait,animal_dog_wait,initial,0,Data\Engine2D\Bin\Bobs\CR_Ani_Body_00.bmd,Data\Engine2D\Bin\Bobs\CR_Ani_Body_00_s.bmd,,,[],house01,,declared base palette (ordinal 0 of RNG list),[],"{""0"": [1153, 1154, 1155, 1156, 1157, 1158, 1159, 1160, 1161, 1161, 1160, 1159, 1158, 1157, 1156, 1156, 1157, 1158, 1159, 1160, 1161, 1161, 1160, 1159, 1158, 1157, 1156, 1156, 1157, 1158, 1159, 1160, 1161, 1161, 1160, 1159, 1158, 1157, 1156, 1156, 1157, 1158, 1159, 1160, 1161, 1161, 1160, 1159, 1158, 1157, 1156, 1156, 1157, 1158, 1159, 1160, 1161, 1161, 1160, 1159, 1158, 1157, 1156, 1155, 1154, 1153], ""1"": [1153, 1154, 1155, 1156, 1157, 1158, 1159, 1160, 1161, 1161, 1160, 1159, 1158, 1157, 1156, 1156, 1157, 1158, 1159, 1160, 1161, 1161, 1160, 1159, 1158, 1157, 1156, 1156, 1157, 1158, 1159, 1160, 1161, 1161, 1160, 1159, 1158, 1157, 1156, 1156, 1157, 1158, 1159, 1160, 1161, 1161, 1160, 1159, 1158, 1157, 1156, 1156, 1157, 1158, 1159, 1160, 1161, 1161, 1160, 1159, 1158, 1157, 1156, 1155, 1154, 1153], ""2"": [1153, 1154, 1155, 1156, 1157, 1158, 1159, 1160, 1161, 1161, 1160, 1159, 1158, 1157, 1156, 1156, 1157, 1158, 1159, 1160, 1161, 1161, 1160, 1159, 1158, 1157, 1156, 1156, 1157, 1158, 1159, 1160, 1161, 1161, 1160, 1159, 1158, 1157, 1156, 1156, 1157, 1158, 1159, 1160, 1161, 1161, 1160, 1159, 1158, 1157, 1156, 1156, 1157, 1158, 1159, 1160, 1161, 1161, 1160, 1159, 1158, 1157, 1156, 1155, 1154, 1153], ""3"": [1153, 1154, 1155, 1156, 1157, 1158, 1159, 1160, 1161, 1161, 1160, 1159, 1158, 1157, 1156, 1156, 1157, 1158, 1159, 1160, 1161, 1161, 1160, 1159, 1158, 1157, 1156, 1156, 1157, 1158, 1159, 1160, 1161, 1161, 1160, 1159, 1158, 1157, 1156, 1156, 1157, 1158, 1159, 1160, 1161, 1161, 1160, 1159, 1158, 1157, 1156, 1156, 1157, 1158, 1159, 1160, 1161, 1161, 1160, 1159, 1158, 1157, 1156, 1155, 1154, 1153], ""4"": [1153, 1154, 1155, 1156, 1157, 1158, 1159, 1160, 1161, 1161, 1160, 1159, 1158, 1157, 1156, 1156, 1157, 1158, 1159, 1160, 1161, 1161, 1160, 1159, 1158, 1157, 1156, 1156, 1157, 1158, 1159, 1160, 1161, 1161, 1160, 1159, 1158, 1157, 1156, 1156, 1157, 1158, 1159, 1160, 1161, 1161, 1160, 1159, 1158, 1157, 1156, 1156, 1157, 1158, 1159, 1160, 1161, 1161, 1160, 1159, 1158, 1157, 1156, 1155, 1154, 1153], ""5"": [1153, 1154, 1155, 1156, 1157, 1158, 1159, 1160, 1161, 1161, 1160, 1159, 1158, 1157, 1156, 1156, 1157, 1158, 1159, 1160, 1161, 1161, 1160, 1159, 1158, 1157, 1156, 1156, 1157, 1158, 1159, 1160, 1161, 1161, 1160, 1159, 1158, 1157, 1156, 1156, 1157, 1158, 1159, 1160, 1161, 1161, 1160, 1159, 1158, 1157, 1156, 1156, 1157, 1158, 1159, 1160, 1161, 1161, 1160, 1159, 1158, 1157, 1156, 1155, 1154, 1153], ""6"": [1153, 1154, 1155, 1156, 1157, 1158, 1159, 1160, 1161, 1161, 1160, 1159, 1158, 1157, 1156, 1156, 1157, 1158, 1159, 1160, 1161, 1161, 1160, 1159, 1158, 1157, 1156, 1156, 1157, 1158, 1159, 1160, 1161, 1161, 1160, 1159, 1158, 1157, 1156, 1156, 1157, 1158, 1159, 1160, 1161, 1161, 1160, 1159, 1158, 1157, 1156, 1156, 1157, 1158, 1159, 1160, 1161, 1161, 1160, 1159, 1158, 1157, 1156, 1155, 1154, 1153], ""7"": [1153, 1154, 1155, 1156, 1157, 1158, 1159, 1160, 1161, 1161, 1160, 1159, 1158, 1157, 1156, 1156, 1157, 1158, 1159, 1160, 1161, 1161, 1160, 1159, 1158, 1157, 1156, 1156, 1157, 1158, 1159, 1160, 1161, 1161, 1160, 1159, 1158, 1157, 1156, 1156, 1157, 1158, 1159, 1160, 1161, 1161, 1160, 1159, 1158, 1157, 1156, 1156, 1157, 1158, 1159, 1160, 1161, 1161, 1160, 1159, 1158, 1157, 1156, 1155, 1154, 1153]}",{},"frame = min(count-1, floor(count*progress/duration)); duration from atomic length",Animals/tribe_13_dogs/Sheets/cr_ani_body_00__house01/j49_A009_animal_dog_wait_s300.png,Animals/tribe_13_dogs/Sheets/cr_ani_body_00__house01/j49_A009_animal_dog_wait_s300__shadow_mask.png,"[25, 41]","[18, 30]","[0, 1, 2, 3, 4, 5, 6, 7]",RENDERED,COMPATIBLE,[],PIXEL_CONFIRMED,Animals/tribe_13_dogs/adult_job49/metadata.json,Animals/tribe_13_dogs/adult_job49/index.html
13,Dogs,animal,49,49,adult_animal,Animal,adult,"[49, 48]",1124,49,False,walk,,,,[],0,,,100000,0,animal_dog_walk,animal_dog_walk,initial,0,Data\Engine2D\Bin\Bobs\CR_Ani_Body_00.bmd,Data\Engine2D\Bin\Bobs\CR_Ani_Body_00_s.bmd,,,[],house01,,declared base palette (ordinal 0 of RNG list),[],"{""0"": [1212, 1213, 1214, 1215, 1216, 1217, 1218, 1219, 1220, 1221, 1222, 1223], ""1"": [1224, 1225, 1226, 1227, 1228, 1229, 1230, 1231, 1232, 1233, 1234, 1235], ""2"": [1164, 1165, 1166, 1167, 1168, 1169, 1170, 1171, 1172, 1173, 1174, 1175], ""3"": [1176, 1177, 1178, 1179, 1180, 1181, 1182, 1183, 1184, 1185, 1186, 1187], ""4"": [1188, 1189, 1190, 1191, 1192, 1193, 1194, 1195, 1196, 1197, 1198, 1199], ""5"": [1200, 1201, 1202, 1203, 1204, 1205, 1206, 1207, 1208, 1209, 1210, 1211], ""6"": [1248, 1249, 1250, 1251, 1252, 1253, 1254, 1255, 1256, 1257, 1258, 1259], ""7"": [1236, 1237, 1238, 1239, 1240, 1241, 1242, 1243, 1244, 1245, 1246, 1247]}",{},frame = frameTick % count (walk; caller frame tick),Animals/tribe_13_dogs/Sheets/cr_ani_body_00__house01/j49_W000_animal_dog_walk_s1124.png,Animals/tribe_13_dogs/Sheets/cr_ani_body_00__house01/j49_W000_animal_dog_walk_s1124__shadow_mask.png,"[43, 44]","[26, 35]","[0, 1, 2, 3, 4, 5, 6, 7]",RENDERED,COMPATIBLE,[],PIXEL_CONFIRMED,Animals/tribe_13_dogs/adult_job49/metadata.json,Animals/tribe_13_dogs/adult_job49/index.html
14,Goats,animal,48,48,baby_animal,Young Animal,young,[48],984,48,False,atomic,2,animal_goat_tame_baby_idle,100,[],,,0,,0,animal_goat_wait,animal_goat_wait,initial,0,Data\Engine2D\Bin\Bobs\CR_Ani_Body_00.bmd,Data\Engine2D\Bin\Bobs\CR_Ani_Body_00_s.bmd,,,[],deer01,,declared base palette (ordinal 0 of RNG list),[],"{""0"": [1345, 1345, 1345, 1345, 1345, 1345, 1345, 1345, 1345, 1345, 1345, 1345, 1345, 1345, 1346, 1347, 1348, 1349, 1350, 1351, 1352, 1353, 1354, 1355, 1356, 1357, 1357, 1356, 1355, 1354, 1353, 1353, 1354, 1355, 1356, 1357, 1357, 1356, 1355, 1354, 1353, 1352, 1351, 1350, 1349, 1348, 1347, 1346, 1345, 1345, 1345, 1345, 1345, 1345, 1345, 1345, 1345, 1345, 1345, 1345, 1345, 1345, 1345, 1345, 1345, 1345, 1345, 1345, 1345, 1345, 1345, 1346, 1347, 1348, 1348, 1348, 1348, 1348, 1348, 1348, 1348, 1348, 1348, 1348, 1348, 1348, 1348, 1348, 1348, 1348, 1348, 1348, 1348, 1348, 1348, 1347, 1346, 1345, 1345, 1345], ""1"": [1345, 1345, 1345, 1345, 1345, 1345, 1345, 1345, 1345, 1345, 1345, 1345, 1345, 1345, 1346, 1347, 1348, 1349, 1350, 1351, 1352, 1353, 1354, 1355, 1356, 1357, 1357, 1356, 1355, 1354, 1353, 1353, 1354, 1355, 1356, 1357, 1357, 1356, 1355, 1354, 1353, 1352, 1351, 1350, 1349, 1348, 1347, 1346, 1345, 1345, 1345, 1345, 1345, 1345, 1345, 1345, 1345, 1345, 1345, 1345, 1345, 1345, 1345, 1345, 1345, 1345, 1345, 1345, 1345, 1345, 1345, 1346, 1347, 1348, 1348, 1348, 1348, 1348, 1348, 1348, 1348, 1348, 1348, 1348, 1348, 1348, 1348, 1348, 1348, 1348, 1348, 1348, 1348, 1348, 1348, 1347, 1346, 1345, 1345, 1345], ""2"": [1332, 1332, 1332, 1332, 1332, 1332, 1332, 1332, 1332, 1332, 1332, 1332, 1332, 1332, 1333, 1334, 1335, 1336, 1337, 1338, 1339, 1340, 1341, 1342, 1343, 1344, 1344, 1343, 1342, 1341, 1340, 1340, 1341, 1342, 1343, 1344, 1344, 1343, 1342, 1341, 1340, 1339, 1338, 1337, 1336, 1335, 1334, 1333, 1332, 1332, 1332, 1332, 1332, 1332, 1332, 1332, 1332, 1332, 1332, 1332, 1332, 1332, 1332, 1332, 1332, 1332, 1332, 1332, 1332, 1332, 1332, 1333, 1334, 1335, 1335, 1335, 1335, 1335, 1335, 1335, 1335, 1335, 1335, 1335, 1335, 1335, 1335, 1335, 1335, 1335, 1335, 1335, 1335, 1335, 1335, 1334, 1333, 1332, 1332, 1332], ""3"": [1332, 1332, 1332, 1332, 1332, 1332, 1332, 1332, 1332, 1332, 1332, 1332, 1332, 1332, 1333, 1334, 1335, 1336, 1337, 1338, 1339, 1340, 1341, 1342, 1343, 1344, 1344, 1343, 1342, 1341, 1340, 1340, 1341, 1342, 1343, 1344, 1344, 1343, 1342, 1341, 1340, 1339, 1338, 1337, 1336, 1335, 1334, 1333, 1332, 1332, 1332, 1332, 1332, 1332, 1332, 1332, 1332, 1332, 1332, 1332, 1332, 1332, 1332, 1332, 1332, 1332, 1332, 1332, 1332, 1332, 1332, 1333, 1334, 1335, 1335, 1335, 1335, 1335, 1335, 1335, 1335, 1335, 1335, 1335, 1335, 1335, 1335, 1335, 1335, 1335, 1335, 1335, 1335, 1335, 1335, 1334, 1333, 1332, 1332, 1332], ""4"": [1332, 1332, 1332, 1332, 1332, 1332, 1332, 1332, 1332, 1332, 1332, 1332, 1332, 1332, 1333, 1334, 1335, 1336, 1337, 1338, 1339, 1340, 1341, 1342, 1343, 1344, 1344, 1343, 1342, 1341, 1340, 1340, 1341, 1342, 1343, 1344, 1344, 1343, 1342, 1341, 1340, 1339, 1338, 1337, 1336, 1335, 1334, 1333, 1332, 1332, 1332, 1332, 1332, 1332, 1332, 1332, 1332, 1332, 1332, 1332, 1332, 1332, 1332, 1332, 1332, 1332, 1332, 1332, 1332, 1332, 1332, 1333, 1334, 1335, 1335, 1335, 1335, 1335, 1335, 1335, 1335, 1335, 1335, 1335, 1335, 1335, 1335, 1335, 1335, 1335, 1335, 1335, 1335, 1335, 1335, 1334, 1333, 1332, 1332, 1332], ""5"": [1345, 1345, 1345, 1345, 1345, 1345, 1345, 1345, 1345, 1345, 1345, 1345, 1345, 1345, 1346, 1347, 1348, 1349, 1350, 1351, 1352, 1353, 1354, 1355, 1356, 1357, 1357, 1356, 1355, 1354, 1353, 1353, 1354, 1355, 1356, 1357, 1357, 1356, 1355, 1354, 1353, 1352, 1351, 1350, 1349, 1348, 1347, 1346, 1345, 1345, 1345, 1345, 1345, 1345, 1345, 1345, 1345, 1345, 1345, 1345, 1345, 1345, 1345, 1345, 1345, 1345, 1345, 1345, 1345, 1345, 1345, 1346, 1347, 1348, 1348, 1348, 1348, 1348, 1348, 1348, 1348, 1348, 1348, 1348, 1348, 1348, 1348, 1348, 1348, 1348, 1348, 1348, 1348, 1348, 1348, 1347, 1346, 1345, 1345, 1345], ""6"": [1358, 1358, 1358, 1358, 1358, 1358, 1358, 1358, 1358, 1358, 1358, 1358, 1358, 1358, 1359, 1360, 1361, 1362, 1363, 1364, 1365, 1366, 1367, 1368, 1369, 1370, 1370, 1369, 1368, 1367, 1366, 1366, 1367, 1368, 1369, 1370, 1370, 1369, 1368, 1367, 1366, 1365, 1364, 1363, 1362, 1361, 1360, 1359, 1358, 1358, 1358, 1358, 1358, 1358, 1358, 1358, 1358, 1358, 1358, 1358, 1358, 1358, 1358, 1358, 1358, 1358, 1358, 1358, 1358, 1358, 1358, 1359, 1360, 1361, 1361, 1361, 1361, 1361, 1361, 1361, 1361, 1361, 1361, 1361, 1361, 1361, 1361, 1361, 1361, 1361, 1361, 1361, 1361, 1361, 1361, 1360, 1359, 1358, 1358, 1358], ""7"": [1358, 1358, 1358, 1358, 1358, 1358, 1358, 1358, 1358, 1358, 1358, 1358, 1358, 1358, 1359, 1360, 1361, 1362, 1363, 1364, 1365, 1366, 1367, 1368, 1369, 1370, 1370, 1369, 1368, 1367, 1366, 1366, 1367, 1368, 1369, 1370, 1370, 1369, 1368, 1367, 1366, 1365, 1364, 1363, 1362, 1361, 1360, 1359, 1358, 1358, 1358, 1358, 1358, 1358, 1358, 1358, 1358, 1358, 1358, 1358, 1358, 1358, 1358, 1358, 1358, 1358, 1358, 1358, 1358, 1358, 1358, 1359, 1360, 1361, 1361, 1361, 1361, 1361, 1361, 1361, 1361, 1361, 1361, 1361, 1361, 1361, 1361, 1361, 1361, 1361, 1361, 1361, 1361, 1361, 1361, 1360, 1359, 1358, 1358, 1358]}",{},"frame = min(count-1, floor(count*progress/duration)); duration from atomic length",Animals/tribe_14_goats/Sheets/cr_ani_body_00__deer01/j48_A002_animal_goat_wait_s984.png,Animals/tribe_14_goats/Sheets/cr_ani_body_00__deer01/j48_A002_animal_goat_wait_s984__shadow_mask.png,"[38, 40]","[22, 23]","[0, 1, 2, 3, 4, 5, 6, 7]",RENDERED,COMPATIBLE,[],PIXEL_CONFIRMED,Animals/tribe_14_goats/young_job48/metadata.json,Animals/tribe_14_goats/young_job48/index.html
14,Goats,animal,48,48,baby_animal,Young Animal,young,[48],979,48,False,atomic,3,animal_goat_tame_baby_idle,100,[],,,0,,0,animal_goat_wait,animal_goat_wait,initial,0,Data\Engine2D\Bin\Bobs\CR_Ani_Body_00.bmd,Data\Engine2D\Bin\Bobs\CR_Ani_Body_00_s.bmd,,,[],deer01,,declared base palette (ordinal 0 of RNG list),[],"{""0"": [1345, 1345, 1345, 1345, 1345, 1345, 1345, 1345, 1345, 1345, 1345, 1345, 1345, 1345, 1346, 1347, 1348, 1349, 1350, 1351, 1352, 1353, 1354, 1355, 1356, 1357, 1357, 1356, 1355, 1354, 1353, 1353, 1354, 1355, 1356, 1357, 1357, 1356, 1355, 1354, 1353, 1352, 1351, 1350, 1349, 1348, 1347, 1346, 1345, 1345, 1345, 1345, 1345, 1345, 1345, 1345, 1345, 1345, 1345, 1345, 1345, 1345, 1345, 1345, 1345, 1345, 1345, 1345, 1345, 1345, 1345, 1346, 1347, 1348, 1348, 1348, 1348, 1348, 1348, 1348, 1348, 1348, 1348, 1348, 1348, 1348, 1348, 1348, 1348, 1348, 1348, 1348, 1348, 1348, 1348, 1347, 1346, 1345, 1345, 1345], ""1"": [1345, 1345, 1345, 1345, 1345, 1345, 1345, 1345, 1345, 1345, 1345, 1345, 1345, 1345, 1346, 1347, 1348, 1349, 1350, 1351, 1352, 1353, 1354, 1355, 1356, 1357, 1357, 1356, 1355, 1354, 1353, 1353, 1354, 1355, 1356, 1357, 1357, 1356, 1355, 1354, 1353, 1352, 1351, 1350, 1349, 1348, 1347, 1346, 1345, 1345, 1345, 1345, 1345, 1345, 1345, 1345, 1345, 1345, 1345, 1345, 1345, 1345, 1345, 1345, 1345, 1345, 1345, 1345, 1345, 1345, 1345, 1346, 1347, 1348, 1348, 1348, 1348, 1348, 1348, 1348, 1348, 1348, 1348, 1348, 1348, 1348, 1348, 1348, 1348, 1348, 1348, 1348, 1348, 1348, 1348, 1347, 1346, 1345, 1345, 1345], ""2"": [1332, 1332, 1332, 1332, 1332, 1332, 1332, 1332, 1332, 1332, 1332, 1332, 1332, 1332, 1333, 1334, 1335, 1336, 1337, 1338, 1339, 1340, 1341, 1342, 1343, 1344, 1344, 1343, 1342, 1341, 1340, 1340, 1341, 1342, 1343, 1344, 1344, 1343, 1342, 1341, 1340, 1339, 1338, 1337, 1336, 1335, 1334, 1333, 1332, 1332, 1332, 1332, 1332, 1332, 1332, 1332, 1332, 1332, 1332, 1332, 1332, 1332, 1332, 1332, 1332, 1332, 1332, 1332, 1332, 1332, 1332, 1333, 1334, 1335, 1335, 1335, 1335, 1335, 1335, 1335, 1335, 1335, 1335, 1335, 1335, 1335, 1335, 1335, 1335, 1335, 1335, 1335, 1335, 1335, 1335, 1334, 1333, 1332, 1332, 1332], ""3"": [1332, 1332, 1332, 1332, 1332, 1332, 1332, 1332, 1332, 1332, 1332, 1332, 1332, 1332, 1333, 1334, 1335, 1336, 1337, 1338, 1339, 1340, 1341, 1342, 1343, 1344, 1344, 1343, 1342, 1341, 1340, 1340, 1341, 1342, 1343, 1344, 1344, 1343, 1342, 1341, 1340, 1339, 1338, 1337, 1336, 1335, 1334, 1333, 1332, 1332, 1332, 1332, 1332, 1332, 1332, 1332, 1332, 1332, 1332, 1332, 1332, 1332, 1332, 1332, 1332, 1332, 1332, 1332, 1332, 1332, 1332, 1333, 1334, 1335, 1335, 1335, 1335, 1335, 1335, 1335, 1335, 1335, 1335, 1335, 1335, 1335, 1335, 1335, 1335, 1335, 1335, 1335, 1335, 1335, 1335, 1334, 1333, 1332, 1332, 1332], ""4"": [1332, 1332, 1332, 1332, 1332, 1332, 1332, 1332, 1332, 1332, 1332, 1332, 1332, 1332, 1333, 1334, 1335, 1336, 1337, 1338, 1339, 1340, 1341, 1342, 1343, 1344, 1344, 1343, 1342, 1341, 1340, 1340, 1341, 1342, 1343, 1344, 1344, 1343, 1342, 1341, 1340, 1339, 1338, 1337, 1336, 1335, 1334, 1333, 1332, 1332, 1332, 1332, 1332, 1332, 1332, 1332, 1332, 1332, 1332, 1332, 1332, 1332, 1332, 1332, 1332, 1332, 1332, 1332, 1332, 1332, 1332, 1333, 1334, 1335, 1335, 1335, 1335, 1335, 1335, 1335, 1335, 1335, 1335, 1335, 1335, 1335, 1335, 1335, 1335, 1335, 1335, 1335, 1335, 1335, 1335, 1334, 1333, 1332, 1332, 1332], ""5"": [1345, 1345, 1345, 1345, 1345, 1345, 1345, 1345, 1345, 1345, 1345, 1345, 1345, 1345, 1346, 1347, 1348, 1349, 1350, 1351, 1352, 1353, 1354, 1355, 1356, 1357, 1357, 1356, 1355, 1354, 1353, 1353, 1354, 1355, 1356, 1357, 1357, 1356, 1355, 1354, 1353, 1352, 1351, 1350, 1349, 1348, 1347, 1346, 1345, 1345, 1345, 1345, 1345, 1345, 1345, 1345, 1345, 1345, 1345, 1345, 1345, 1345, 1345, 1345, 1345, 1345, 1345, 1345, 1345, 1345, 1345, 1346, 1347, 1348, 1348, 1348, 1348, 1348, 1348, 1348, 1348, 1348, 1348, 1348, 1348, 1348, 1348, 1348, 1348, 1348, 1348, 1348, 1348, 1348, 1348, 1347, 1346, 1345, 1345, 1345], ""6"": [1358, 1358, 1358, 1358, 1358, 1358, 1358, 1358, 1358, 1358, 1358, 1358, 1358, 1358, 1359, 1360, 1361, 1362, 1363, 1364, 1365, 1366, 1367, 1368, 1369, 1370, 1370, 1369, 1368, 1367, 1366, 1366, 1367, 1368, 1369, 1370, 1370, 1369, 1368, 1367, 1366, 1365, 1364, 1363, 1362, 1361, 1360, 1359, 1358, 1358, 1358, 1358, 1358, 1358, 1358, 1358, 1358, 1358, 1358, 1358, 1358, 1358, 1358, 1358, 1358, 1358, 1358, 1358, 1358, 1358, 1358, 1359, 1360, 1361, 1361, 1361, 1361, 1361, 1361, 1361, 1361, 1361, 1361, 1361, 1361, 1361, 1361, 1361, 1361, 1361, 1361, 1361, 1361, 1361, 1361, 1360, 1359, 1358, 1358, 1358], ""7"": [1358, 1358, 1358, 1358, 1358, 1358, 1358, 1358, 1358, 1358, 1358, 1358, 1358, 1358, 1359, 1360, 1361, 1362, 1363, 1364, 1365, 1366, 1367, 1368, 1369, 1370, 1370, 1369, 1368, 1367, 1366, 1366, 1367, 1368, 1369, 1370, 1370, 1369, 1368, 1367, 1366, 1365, 1364, 1363, 1362, 1361, 1360, 1359, 1358, 1358, 1358, 1358, 1358, 1358, 1358, 1358, 1358, 1358, 1358, 1358, 1358, 1358, 1358, 1358, 1358, 1358, 1358, 1358, 1358, 1358, 1358, 1359, 1360, 1361, 1361, 1361, 1361, 1361, 1361, 1361, 1361, 1361, 1361, 1361, 1361, 1361, 1361, 1361, 1361, 1361, 1361, 1361, 1361, 1361, 1361, 1360, 1359, 1358, 1358, 1358]}",{},"frame = min(count-1, floor(count*progress/duration)); duration from atomic length",Animals/tribe_14_goats/Sheets/cr_ani_body_00__deer01/j48_A003_animal_goat_wait_s979.png,Animals/tribe_14_goats/Sheets/cr_ani_body_00__deer01/j48_A003_animal_goat_wait_s979__shadow_mask.png,"[38, 40]","[22, 23]","[0, 1, 2, 3, 4, 5, 6, 7]",RENDERED,COMPATIBLE,[],PIXEL_CONFIRMED,Animals/tribe_14_goats/young_job48/metadata.json,Animals/tribe_14_goats/young_job48/index.html
14,Goats,animal,48,48,baby_animal,Young Animal,young,[48],980,48,False,atomic,4,animal_goat_tame_baby_idle,100,[],,,0,,0,animal_goat_wait,animal_goat_wait,initial,0,Data\Engine2D\Bin\Bobs\CR_Ani_Body_00.bmd,Data\Engine2D\Bin\Bobs\CR_Ani_Body_00_s.bmd,,,[],deer01,,declared base palette (ordinal 0 of RNG list),[],"{""0"": [1345, 1345, 1345, 1345, 1345, 1345, 1345, 1345, 1345, 1345, 1345, 1345, 1345, 1345, 1346, 1347, 1348, 1349, 1350, 1351, 1352, 1353, 1354, 1355, 1356, 1357, 1357, 1356, 1355, 1354, 1353, 1353, 1354, 1355, 1356, 1357, 1357, 1356, 1355, 1354, 1353, 1352, 1351, 1350, 1349, 1348, 1347, 1346, 1345, 1345, 1345, 1345, 1345, 1345, 1345, 1345, 1345, 1345, 1345, 1345, 1345, 1345, 1345, 1345, 1345, 1345, 1345, 1345, 1345, 1345, 1345, 1346, 1347, 1348, 1348, 1348, 1348, 1348, 1348, 1348, 1348, 1348, 1348, 1348, 1348, 1348, 1348, 1348, 1348, 1348, 1348, 1348, 1348, 1348, 1348, 1347, 1346, 1345, 1345, 1345], ""1"": [1345, 1345, 1345, 1345, 1345, 1345, 1345, 1345, 1345, 1345, 1345, 1345, 1345, 1345, 1346, 1347, 1348, 1349, 1350, 1351, 1352, 1353, 1354, 1355, 1356, 1357, 1357, 1356, 1355, 1354, 1353, 1353, 1354, 1355, 1356, 1357, 1357, 1356, 1355, 1354, 1353, 1352, 1351, 1350, 1349, 1348, 1347, 1346, 1345, 1345, 1345, 1345, 1345, 1345, 1345, 1345, 1345, 1345, 1345, 1345, 1345, 1345, 1345, 1345, 1345, 1345, 1345, 1345, 1345, 1345, 1345, 1346, 1347, 1348, 1348, 1348, 1348, 1348, 1348, 1348, 1348, 1348, 1348, 1348, 1348, 1348, 1348, 1348, 1348, 1348, 1348, 1348, 1348, 1348, 1348, 1347, 1346, 1345, 1345, 1345], ""2"": [1332, 1332, 1332, 1332, 1332, 1332, 1332, 1332, 1332, 1332, 1332, 1332, 1332, 1332, 1333, 1334, 1335, 1336, 1337, 1338, 1339, 1340, 1341, 1342, 1343, 1344, 1344, 1343, 1342, 1341, 1340, 1340, 1341, 1342, 1343, 1344, 1344, 1343, 1342, 1341, 1340, 1339, 1338, 1337, 1336, 1335, 1334, 1333, 1332, 1332, 1332, 1332, 1332, 1332, 1332, 1332, 1332, 1332, 1332, 1332, 1332, 1332, 1332, 1332, 1332, 1332, 1332, 1332, 1332, 1332, 1332, 1333, 1334, 1335, 1335, 1335, 1335, 1335, 1335, 1335, 1335, 1335, 1335, 1335, 1335, 1335, 1335, 1335, 1335, 1335, 1335, 1335, 1335, 1335, 1335, 1334, 1333, 1332, 1332, 1332], ""3"": [1332, 1332, 1332, 1332, 1332, 1332, 1332, 1332, 1332, 1332, 1332, 1332, 1332, 1332, 1333, 1334, 1335, 1336, 1337, 1338, 1339, 1340, 1341, 1342, 1343, 1344, 1344, 1343, 1342, 1341, 1340, 1340, 1341, 1342, 1343, 1344, 1344, 1343, 1342, 1341, 1340, 1339, 1338, 1337, 1336, 1335, 1334, 1333, 1332, 1332, 1332, 1332, 1332, 1332, 1332, 1332, 1332, 1332, 1332, 1332, 1332, 1332, 1332, 1332, 1332, 1332, 1332, 1332, 1332, 1332, 1332, 1333, 1334, 1335, 1335, 1335, 1335, 1335, 1335, 1335, 1335, 1335, 1335, 1335, 1335, 1335, 1335, 1335, 1335, 1335, 1335, 1335, 1335, 1335, 1335, 1334, 1333, 1332, 1332, 1332], ""4"": [1332, 1332, 1332, 1332, 1332, 1332, 1332, 1332, 1332, 1332, 1332, 1332, 1332, 1332, 1333, 1334, 1335, 1336, 1337, 1338, 1339, 1340, 1341, 1342, 1343, 1344, 1344, 1343, 1342, 1341, 1340, 1340, 1341, 1342, 1343, 1344, 1344, 1343, 1342, 1341, 1340, 1339, 1338, 1337, 1336, 1335, 1334, 1333, 1332, 1332, 1332, 1332, 1332, 1332, 1332, 1332, 1332, 1332, 1332, 1332, 1332, 1332, 1332, 1332, 1332, 1332, 1332, 1332, 1332, 1332, 1332, 1333, 1334, 1335, 1335, 1335, 1335, 1335, 1335, 1335, 1335, 1335, 1335, 1335, 1335, 1335, 1335, 1335, 1335, 1335, 1335, 1335, 1335, 1335, 1335, 1334, 1333, 1332, 1332, 1332], ""5"": [1345, 1345, 1345, 1345, 1345, 1345, 1345, 1345, 1345, 1345, 1345, 1345, 1345, 1345, 1346, 1347, 1348, 1349, 1350, 1351, 1352, 1353, 1354, 1355, 1356, 1357, 1357, 1356, 1355, 1354, 1353, 1353, 1354, 1355, 1356, 1357, 1357, 1356, 1355, 1354, 1353, 1352, 1351, 1350, 1349, 1348, 1347, 1346, 1345, 1345, 1345, 1345, 1345, 1345, 1345, 1345, 1345, 1345, 1345, 1345, 1345, 1345, 1345, 1345, 1345, 1345, 1345, 1345, 1345, 1345, 1345, 1346, 1347, 1348, 1348, 1348, 1348, 1348, 1348, 1348, 1348, 1348, 1348, 1348, 1348, 1348, 1348, 1348, 1348, 1348, 1348, 1348, 1348, 1348, 1348, 1347, 1346, 1345, 1345, 1345], ""6"": [1358, 1358, 1358, 1358, 1358, 1358, 1358, 1358, 1358, 1358, 1358, 1358, 1358, 1358, 1359, 1360, 1361, 1362, 1363, 1364, 1365, 1366, 1367, 1368, 1369, 1370, 1370, 1369, 1368, 1367, 1366, 1366, 1367, 1368, 1369, 1370, 1370, 1369, 1368, 1367, 1366, 1365, 1364, 1363, 1362, 1361, 1360, 1359, 1358, 1358, 1358, 1358, 1358, 1358, 1358, 1358, 1358, 1358, 1358, 1358, 1358, 1358, 1358, 1358, 1358, 1358, 1358, 1358, 1358, 1358, 1358, 1359, 1360, 1361, 1361, 1361, 1361, 1361, 1361, 1361, 1361, 1361, 1361, 1361, 1361, 1361, 1361, 1361, 1361, 1361, 1361, 1361, 1361, 1361, 1361, 1360, 1359, 1358, 1358, 1358], ""7"": [1358, 1358, 1358, 1358, 1358, 1358, 1358, 1358, 1358, 1358, 1358, 1358, 1358, 1358, 1359, 1360, 1361, 1362, 1363, 1364, 1365, 1366, 1367, 1368, 1369, 1370, 1370, 1369, 1368, 1367, 1366, 1366, 1367, 1368, 1369, 1370, 1370, 1369, 1368, 1367, 1366, 1365, 1364, 1363, 1362, 1361, 1360, 1359, 1358, 1358, 1358, 1358, 1358, 1358, 1358, 1358, 1358, 1358, 1358, 1358, 1358, 1358, 1358, 1358, 1358, 1358, 1358, 1358, 1358, 1358, 1358, 1359, 1360, 1361, 1361, 1361, 1361, 1361, 1361, 1361, 1361, 1361, 1361, 1361, 1361, 1361, 1361, 1361, 1361, 1361, 1361, 1361, 1361, 1361, 1361, 1360, 1359, 1358, 1358, 1358]}",{},"frame = min(count-1, floor(count*progress/duration)); duration from atomic length",Animals/tribe_14_goats/Sheets/cr_ani_body_00__deer01/j48_A004_animal_goat_wait_s980.png,Animals/tribe_14_goats/Sheets/cr_ani_body_00__deer01/j48_A004_animal_goat_wait_s980__shadow_mask.png,"[38, 40]","[22, 23]","[0, 1, 2, 3, 4, 5, 6, 7]",RENDERED,COMPATIBLE,[],PIXEL_CONFIRMED,Animals/tribe_14_goats/young_job48/metadata.json,Animals/tribe_14_goats/young_job48/index.html
14,Goats,animal,48,48,baby_animal,Young Animal,young,[48],981,48,False,atomic,5,animal_goat_tame_baby_idle,100,[],,,0,,0,animal_goat_wait,animal_goat_wait,initial,0,Data\Engine2D\Bin\Bobs\CR_Ani_Body_00.bmd,Data\Engine2D\Bin\Bobs\CR_Ani_Body_00_s.bmd,,,[],deer01,,declared base palette (ordinal 0 of RNG list),[],"{""0"": [1345, 1345, 1345, 1345, 1345, 1345, 1345, 1345, 1345, 1345, 1345, 1345, 1345, 1345, 1346, 1347, 1348, 1349, 1350, 1351, 1352, 1353, 1354, 1355, 1356, 1357, 1357, 1356, 1355, 1354, 1353, 1353, 1354, 1355, 1356, 1357, 1357, 1356, 1355, 1354, 1353, 1352, 1351, 1350, 1349, 1348, 1347, 1346, 1345, 1345, 1345, 1345, 1345, 1345, 1345, 1345, 1345, 1345, 1345, 1345, 1345, 1345, 1345, 1345, 1345, 1345, 1345, 1345, 1345, 1345, 1345, 1346, 1347, 1348, 1348, 1348, 1348, 1348, 1348, 1348, 1348, 1348, 1348, 1348, 1348, 1348, 1348, 1348, 1348, 1348, 1348, 1348, 1348, 1348, 1348, 1347, 1346, 1345, 1345, 1345], ""1"": [1345, 1345, 1345, 1345, 1345, 1345, 1345, 1345, 1345, 1345, 1345, 1345, 1345, 1345, 1346, 1347, 1348, 1349, 1350, 1351, 1352, 1353, 1354, 1355, 1356, 1357, 1357, 1356, 1355, 1354, 1353, 1353, 1354, 1355, 1356, 1357, 1357, 1356, 1355, 1354, 1353, 1352, 1351, 1350, 1349, 1348, 1347, 1346, 1345, 1345, 1345, 1345, 1345, 1345, 1345, 1345, 1345, 1345, 1345, 1345, 1345, 1345, 1345, 1345, 1345, 1345, 1345, 1345, 1345, 1345, 1345, 1346, 1347, 1348, 1348, 1348, 1348, 1348, 1348, 1348, 1348, 1348, 1348, 1348, 1348, 1348, 1348, 1348, 1348, 1348, 1348, 1348, 1348, 1348, 1348, 1347, 1346, 1345, 1345, 1345], ""2"": [1332, 1332, 1332, 1332, 1332, 1332, 1332, 1332, 1332, 1332, 1332, 1332, 1332, 1332, 1333, 1334, 1335, 1336, 1337, 1338, 1339, 1340, 1341, 1342, 1343, 1344, 1344, 1343, 1342, 1341, 1340, 1340, 1341, 1342, 1343, 1344, 1344, 1343, 1342, 1341, 1340, 1339, 1338, 1337, 1336, 1335, 1334, 1333, 1332, 1332, 1332, 1332, 1332, 1332, 1332, 1332, 1332, 1332, 1332, 1332, 1332, 1332, 1332, 1332, 1332, 1332, 1332, 1332, 1332, 1332, 1332, 1333, 1334, 1335, 1335, 1335, 1335, 1335, 1335, 1335, 1335, 1335, 1335, 1335, 1335, 1335, 1335, 1335, 1335, 1335, 1335, 1335, 1335, 1335, 1335, 1334, 1333, 1332, 1332, 1332], ""3"": [1332, 1332, 1332, 1332, 1332, 1332, 1332, 1332, 1332, 1332, 1332, 1332, 1332, 1332, 1333, 1334, 1335, 1336, 1337, 1338, 1339, 1340, 1341, 1342, 1343, 1344, 1344, 1343, 1342, 1341, 1340, 1340, 1341, 1342, 1343, 1344, 1344, 1343, 1342, 1341, 1340, 1339, 1338, 1337, 1336, 1335, 1334, 1333, 1332, 1332, 1332, 1332, 1332, 1332, 1332, 1332, 1332, 1332, 1332, 1332, 1332, 1332, 1332, 1332, 1332, 1332, 1332, 1332, 1332, 1332, 1332, 1333, 1334, 1335, 1335, 1335, 1335, 1335, 1335, 1335, 1335, 1335, 1335, 1335, 1335, 1335, 1335, 1335, 1335, 1335, 1335, 1335, 1335, 1335, 1335, 1334, 1333, 1332, 1332, 1332], ""4"": [1332, 1332, 1332, 1332, 1332, 1332, 1332, 1332, 1332, 1332, 1332, 1332, 1332, 1332, 1333, 1334, 1335, 1336, 1337, 1338, 1339, 1340, 1341, 1342, 1343, 1344, 1344, 1343, 1342, 1341, 1340, 1340, 1341, 1342, 1343, 1344, 1344, 1343, 1342, 1341, 1340, 1339, 1338, 1337, 1336, 1335, 1334, 1333, 1332, 1332, 1332, 1332, 1332, 1332, 1332, 1332, 1332, 1332, 1332, 1332, 1332, 1332, 1332, 1332, 1332, 1332, 1332, 1332, 1332, 1332, 1332, 1333, 1334, 1335, 1335, 1335, 1335, 1335, 1335, 1335, 1335, 1335, 1335, 1335, 1335, 1335, 1335, 1335, 1335, 1335, 1335, 1335, 1335, 1335, 1335, 1334, 1333, 1332, 1332, 1332], ""5"": [1345, 1345, 1345, 1345, 1345, 1345, 1345, 1345, 1345, 1345, 1345, 1345, 1345, 1345, 1346, 1347, 1348, 1349, 1350, 1351, 1352, 1353, 1354, 1355, 1356, 1357, 1357, 1356, 1355, 1354, 1353, 1353, 1354, 1355, 1356, 1357, 1357, 1356, 1355, 1354, 1353, 1352, 1351, 1350, 1349, 1348, 1347, 1346, 1345, 1345, 1345, 1345, 1345, 1345, 1345, 1345, 1345, 1345, 1345, 1345, 1345, 1345, 1345, 1345, 1345, 1345, 1345, 1345, 1345, 1345, 1345, 1346, 1347, 1348, 1348, 1348, 1348, 1348, 1348, 1348, 1348, 1348, 1348, 1348, 1348, 1348, 1348, 1348, 1348, 1348, 1348, 1348, 1348, 1348, 1348, 1347, 1346, 1345, 1345, 1345], ""6"": [1358, 1358, 1358, 1358, 1358, 1358, 1358, 1358, 1358, 1358, 1358, 1358, 1358, 1358, 1359, 1360, 1361, 1362, 1363, 1364, 1365, 1366, 1367, 1368, 1369, 1370, 1370, 1369, 1368, 1367, 1366, 1366, 1367, 1368, 1369, 1370, 1370, 1369, 1368, 1367, 1366, 1365, 1364, 1363, 1362, 1361, 1360, 1359, 1358, 1358, 1358, 1358, 1358, 1358, 1358, 1358, 1358, 1358, 1358, 1358, 1358, 1358, 1358, 1358, 1358, 1358, 1358, 1358, 1358, 1358, 1358, 1359, 1360, 1361, 1361, 1361, 1361, 1361, 1361, 1361, 1361, 1361, 1361, 1361, 1361, 1361, 1361, 1361, 1361, 1361, 1361, 1361, 1361, 1361, 1361, 1360, 1359, 1358, 1358, 1358], ""7"": [1358, 1358, 1358, 1358, 1358, 1358, 1358, 1358, 1358, 1358, 1358, 1358, 1358, 1358, 1359, 1360, 1361, 1362, 1363, 1364, 1365, 1366, 1367, 1368, 1369, 1370, 1370, 1369, 1368, 1367, 1366, 1366, 1367, 1368, 1369, 1370, 1370, 1369, 1368, 1367, 1366, 1365, 1364, 1363, 1362, 1361, 1360, 1359, 1358, 1358, 1358, 1358, 1358, 1358, 1358, 1358, 1358, 1358, 1358, 1358, 1358, 1358, 1358, 1358, 1358, 1358, 1358, 1358, 1358, 1358, 1358, 1359, 1360, 1361, 1361, 1361, 1361, 1361, 1361, 1361, 1361, 1361, 1361, 1361, 1361, 1361, 1361, 1361, 1361, 1361, 1361, 1361, 1361, 1361, 1361, 1360, 1359, 1358, 1358, 1358]}",{},"frame = min(count-1, floor(count*progress/duration)); duration from atomic length",Animals/tribe_14_goats/Sheets/cr_ani_body_00__deer01/j48_A005_animal_goat_wait_s981.png,Animals/tribe_14_goats/Sheets/cr_ani_body_00__deer01/j48_A005_animal_goat_wait_s981__shadow_mask.png,"[38, 40]","[22, 23]","[0, 1, 2, 3, 4, 5, 6, 7]",RENDERED,COMPATIBLE,[],PIXEL_CONFIRMED,Animals/tribe_14_goats/young_job48/metadata.json,Animals/tribe_14_goats/young_job48/index.html
14,Goats,animal,48,48,baby_animal,Young Animal,young,[48],982,48,False,atomic,6,animal_goat_tame_baby_idle,100,[],,,0,,0,animal_goat_wait,animal_goat_wait,initial,0,Data\Engine2D\Bin\Bobs\CR_Ani_Body_00.bmd,Data\Engine2D\Bin\Bobs\CR_Ani_Body_00_s.bmd,,,[],deer01,,declared base palette (ordinal 0 of RNG list),[],"{""0"": [1345, 1345, 1345, 1345, 1345, 1345, 1345, 1345, 1345, 1345, 1345, 1345, 1345, 1345, 1346, 1347, 1348, 1349, 1350, 1351, 1352, 1353, 1354, 1355, 1356, 1357, 1357, 1356, 1355, 1354, 1353, 1353, 1354, 1355, 1356, 1357, 1357, 1356, 1355, 1354, 1353, 1352, 1351, 1350, 1349, 1348, 1347, 1346, 1345, 1345, 1345, 1345, 1345, 1345, 1345, 1345, 1345, 1345, 1345, 1345, 1345, 1345, 1345, 1345, 1345, 1345, 1345, 1345, 1345, 1345, 1345, 1346, 1347, 1348, 1348, 1348, 1348, 1348, 1348, 1348, 1348, 1348, 1348, 1348, 1348, 1348, 1348, 1348, 1348, 1348, 1348, 1348, 1348, 1348, 1348, 1347, 1346, 1345, 1345, 1345], ""1"": [1345, 1345, 1345, 1345, 1345, 1345, 1345, 1345, 1345, 1345, 1345, 1345, 1345, 1345, 1346, 1347, 1348, 1349, 1350, 1351, 1352, 1353, 1354, 1355, 1356, 1357, 1357, 1356, 1355, 1354, 1353, 1353, 1354, 1355, 1356, 1357, 1357, 1356, 1355, 1354, 1353, 1352, 1351, 1350, 1349, 1348, 1347, 1346, 1345, 1345, 1345, 1345, 1345, 1345, 1345, 1345, 1345, 1345, 1345, 1345, 1345, 1345, 1345, 1345, 1345, 1345, 1345, 1345, 1345, 1345, 1345, 1346, 1347, 1348, 1348, 1348, 1348, 1348, 1348, 1348, 1348, 1348, 1348, 1348, 1348, 1348, 1348, 1348, 1348, 1348, 1348, 1348, 1348, 1348, 1348, 1347, 1346, 1345, 1345, 1345], ""2"": [1332, 1332, 1332, 1332, 1332, 1332, 1332, 1332, 1332, 1332, 1332, 1332, 1332, 1332, 1333, 1334, 1335, 1336, 1337, 1338, 1339, 1340, 1341, 1342, 1343, 1344, 1344, 1343, 1342, 1341, 1340, 1340, 1341, 1342, 1343, 1344, 1344, 1343, 1342, 1341, 1340, 1339, 1338, 1337, 1336, 1335, 1334, 1333, 1332, 1332, 1332, 1332, 1332, 1332, 1332, 1332, 1332, 1332, 1332, 1332, 1332, 1332, 1332, 1332, 1332, 1332, 1332, 1332, 1332, 1332, 1332, 1333, 1334, 1335, 1335, 1335, 1335, 1335, 1335, 1335, 1335, 1335, 1335, 1335, 1335, 1335, 1335, 1335, 1335, 1335, 1335, 1335, 1335, 1335, 1335, 1334, 1333, 1332, 1332, 1332], ""3"": [1332, 1332, 1332, 1332, 1332, 1332, 1332, 1332, 1332, 1332, 1332, 1332, 1332, 1332, 1333, 1334, 1335, 1336, 1337, 1338, 1339, 1340, 1341, 1342, 1343, 1344, 1344, 1343, 1342, 1341, 1340, 1340, 1341, 1342, 1343, 1344, 1344, 1343, 1342, 1341, 1340, 1339, 1338, 1337, 1336, 1335, 1334, 1333, 1332, 1332, 1332, 1332, 1332, 1332, 1332, 1332, 1332, 1332, 1332, 1332, 1332, 1332, 1332, 1332, 1332, 1332, 1332, 1332, 1332, 1332, 1332, 1333, 1334, 1335, 1335, 1335, 1335, 1335, 1335, 1335, 1335, 1335, 1335, 1335, 1335, 1335, 1335, 1335, 1335, 1335, 1335, 1335, 1335, 1335, 1335, 1334, 1333, 1332, 1332, 1332], ""4"": [1332, 1332, 1332, 1332, 1332, 1332, 1332, 1332, 1332, 1332, 1332, 1332, 1332, 1332, 1333, 1334, 1335, 1336, 1337, 1338, 1339, 1340, 1341, 1342, 1343, 1344, 1344, 1343, 1342, 1341, 1340, 1340, 1341, 1342, 1343, 1344, 1344, 1343, 1342, 1341, 1340, 1339, 1338, 1337, 1336, 1335, 1334, 1333, 1332, 1332, 1332, 1332, 1332, 1332, 1332, 1332, 1332, 1332, 1332, 1332, 1332, 1332, 1332, 1332, 1332, 1332, 1332, 1332, 1332, 1332, 1332, 1333, 1334, 1335, 1335, 1335, 1335, 1335, 1335, 1335, 1335, 1335, 1335, 1335, 1335, 1335, 1335, 1335, 1335, 1335, 1335, 1335, 1335, 1335, 1335, 1334, 1333, 1332, 1332, 1332], ""5"": [1345, 1345, 1345, 1345, 1345, 1345, 1345, 1345, 1345, 1345, 1345, 1345, 1345, 1345, 1346, 1347, 1348, 1349, 1350, 1351, 1352, 1353, 1354, 1355, 1356, 1357, 1357, 1356, 1355, 1354, 1353, 1353, 1354, 1355, 1356, 1357, 1357, 1356, 1355, 1354, 1353, 1352, 1351, 1350, 1349, 1348, 1347, 1346, 1345, 1345, 1345, 1345, 1345, 1345, 1345, 1345, 1345, 1345, 1345, 1345, 1345, 1345, 1345, 1345, 1345, 1345, 1345, 1345, 1345, 1345, 1345, 1346, 1347, 1348, 1348, 1348, 1348, 1348, 1348, 1348, 1348, 1348, 1348, 1348, 1348, 1348, 1348, 1348, 1348, 1348, 1348, 1348, 1348, 1348, 1348, 1347, 1346, 1345, 1345, 1345], ""6"": [1358, 1358, 1358, 1358, 1358, 1358, 1358, 1358, 1358, 1358, 1358, 1358, 1358, 1358, 1359, 1360, 1361, 1362, 1363, 1364, 1365, 1366, 1367, 1368, 1369, 1370, 1370, 1369, 1368, 1367, 1366, 1366, 1367, 1368, 1369, 1370, 1370, 1369, 1368, 1367, 1366, 1365, 1364, 1363, 1362, 1361, 1360, 1359, 1358, 1358, 1358, 1358, 1358, 1358, 1358, 1358, 1358, 1358, 1358, 1358, 1358, 1358, 1358, 1358, 1358, 1358, 1358, 1358, 1358, 1358, 1358, 1359, 1360, 1361, 1361, 1361, 1361, 1361, 1361, 1361, 1361, 1361, 1361, 1361, 1361, 1361, 1361, 1361, 1361, 1361, 1361, 1361, 1361, 1361, 1361, 1360, 1359, 1358, 1358, 1358], ""7"": [1358, 1358, 1358, 1358, 1358, 1358, 1358, 1358, 1358, 1358, 1358, 1358, 1358, 1358, 1359, 1360, 1361, 1362, 1363, 1364, 1365, 1366, 1367, 1368, 1369, 1370, 1370, 1369, 1368, 1367, 1366, 1366, 1367, 1368, 1369, 1370, 1370, 1369, 1368, 1367, 1366, 1365, 1364, 1363, 1362, 1361, 1360, 1359, 1358, 1358, 1358, 1358, 1358, 1358, 1358, 1358, 1358, 1358, 1358, 1358, 1358, 1358, 1358, 1358, 1358, 1358, 1358, 1358, 1358, 1358, 1358, 1359, 1360, 1361, 1361, 1361, 1361, 1361, 1361, 1361, 1361, 1361, 1361, 1361, 1361, 1361, 1361, 1361, 1361, 1361, 1361, 1361, 1361, 1361, 1361, 1360, 1359, 1358, 1358, 1358]}",{},"frame = min(count-1, floor(count*progress/duration)); duration from atomic length",Animals/tribe_14_goats/Sheets/cr_ani_body_00__deer01/j48_A006_animal_goat_wait_s982.png,Animals/tribe_14_goats/Sheets/cr_ani_body_00__deer01/j48_A006_animal_goat_wait_s982__shadow_mask.png,"[38, 40]","[22, 23]","[0, 1, 2, 3, 4, 5, 6, 7]",RENDERED,COMPATIBLE,[],PIXEL_CONFIRMED,Animals/tribe_14_goats/young_job48/metadata.json,Animals/tribe_14_goats/young_job48/index.html
14,Goats,animal,48,48,baby_animal,Young Animal,young,[48],983,48,False,atomic,7,animal_goat_tame_baby_idle,100,[],,,0,,0,animal_goat_wait,animal_goat_wait,initial,0,Data\Engine2D\Bin\Bobs\CR_Ani_Body_00.bmd,Data\Engine2D\Bin\Bobs\CR_Ani_Body_00_s.bmd,,,[],deer01,,declared base palette (ordinal 0 of RNG list),[],"{""0"": [1345, 1345, 1345, 1345, 1345, 1345, 1345, 1345, 1345, 1345, 1345, 1345, 1345, 1345, 1346, 1347, 1348, 1349, 1350, 1351, 1352, 1353, 1354, 1355, 1356, 1357, 1357, 1356, 1355, 1354, 1353, 1353, 1354, 1355, 1356, 1357, 1357, 1356, 1355, 1354, 1353, 1352, 1351, 1350, 1349, 1348, 1347, 1346, 1345, 1345, 1345, 1345, 1345, 1345, 1345, 1345, 1345, 1345, 1345, 1345, 1345, 1345, 1345, 1345, 1345, 1345, 1345, 1345, 1345, 1345, 1345, 1346, 1347, 1348, 1348, 1348, 1348, 1348, 1348, 1348, 1348, 1348, 1348, 1348, 1348, 1348, 1348, 1348, 1348, 1348, 1348, 1348, 1348, 1348, 1348, 1347, 1346, 1345, 1345, 1345], ""1"": [1345, 1345, 1345, 1345, 1345, 1345, 1345, 1345, 1345, 1345, 1345, 1345, 1345, 1345, 1346, 1347, 1348, 1349, 1350, 1351, 1352, 1353, 1354, 1355, 1356, 1357, 1357, 1356, 1355, 1354, 1353, 1353, 1354, 1355, 1356, 1357, 1357, 1356, 1355, 1354, 1353, 1352, 1351, 1350, 1349, 1348, 1347, 1346, 1345, 1345, 1345, 1345, 1345, 1345, 1345, 1345, 1345, 1345, 1345, 1345, 1345, 1345, 1345, 1345, 1345, 1345, 1345, 1345, 1345, 1345, 1345, 1346, 1347, 1348, 1348, 1348, 1348, 1348, 1348, 1348, 1348, 1348, 1348, 1348, 1348, 1348, 1348, 1348, 1348, 1348, 1348, 1348, 1348, 1348, 1348, 1347, 1346, 1345, 1345, 1345], ""2"": [1332, 1332, 1332, 1332, 1332, 1332, 1332, 1332, 1332, 1332, 1332, 1332, 1332, 1332, 1333, 1334, 1335, 1336, 1337, 1338, 1339, 1340, 1341, 1342, 1343, 1344, 1344, 1343, 1342, 1341, 1340, 1340, 1341, 1342, 1343, 1344, 1344, 1343, 1342, 1341, 1340, 1339, 1338, 1337, 1336, 1335, 1334, 1333, 1332, 1332, 1332, 1332, 1332, 1332, 1332, 1332, 1332, 1332, 1332, 1332, 1332, 1332, 1332, 1332, 1332, 1332, 1332, 1332, 1332, 1332, 1332, 1333, 1334, 1335, 1335, 1335, 1335, 1335, 1335, 1335, 1335, 1335, 1335, 1335, 1335, 1335, 1335, 1335, 1335, 1335, 1335, 1335, 1335, 1335, 1335, 1334, 1333, 1332, 1332, 1332], ""3"": [1332, 1332, 1332, 1332, 1332, 1332, 1332, 1332, 1332, 1332, 1332, 1332, 1332, 1332, 1333, 1334, 1335, 1336, 1337, 1338, 1339, 1340, 1341, 1342, 1343, 1344, 1344, 1343, 1342, 1341, 1340, 1340, 1341, 1342, 1343, 1344, 1344, 1343, 1342, 1341, 1340, 1339, 1338, 1337, 1336, 1335, 1334, 1333, 1332, 1332, 1332, 1332, 1332, 1332, 1332, 1332, 1332, 1332, 1332, 1332, 1332, 1332, 1332, 1332, 1332, 1332, 1332, 1332, 1332, 1332, 1332, 1333, 1334, 1335, 1335, 1335, 1335, 1335, 1335, 1335, 1335, 1335, 1335, 1335, 1335, 1335, 1335, 1335, 1335, 1335, 1335, 1335, 1335, 1335, 1335, 1334, 1333, 1332, 1332, 1332], ""4"": [1332, 1332, 1332, 1332, 1332, 1332, 1332, 1332, 1332, 1332, 1332, 1332, 1332, 1332, 1333, 1334, 1335, 1336, 1337, 1338, 1339, 1340, 1341, 1342, 1343, 1344, 1344, 1343, 1342, 1341, 1340, 1340, 1341, 1342, 1343, 1344, 1344, 1343, 1342, 1341, 1340, 1339, 1338, 1337, 1336, 1335, 1334, 1333, 1332, 1332, 1332, 1332, 1332, 1332, 1332, 1332, 1332, 1332, 1332, 1332, 1332, 1332, 1332, 1332, 1332, 1332, 1332, 1332, 1332, 1332, 1332, 1333, 1334, 1335, 1335, 1335, 1335, 1335, 1335, 1335, 1335, 1335, 1335, 1335, 1335, 1335, 1335, 1335, 1335, 1335, 1335, 1335, 1335, 1335, 1335, 1334, 1333, 1332, 1332, 1332], ""5"": [1345, 1345, 1345, 1345, 1345, 1345, 1345, 1345, 1345, 1345, 1345, 1345, 1345, 1345, 1346, 1347, 1348, 1349, 1350, 1351, 1352, 1353, 1354, 1355, 1356, 1357, 1357, 1356, 1355, 1354, 1353, 1353, 1354, 1355, 1356, 1357, 1357, 1356, 1355, 1354, 1353, 1352, 1351, 1350, 1349, 1348, 1347, 1346, 1345, 1345, 1345, 1345, 1345, 1345, 1345, 1345, 1345, 1345, 1345, 1345, 1345, 1345, 1345, 1345, 1345, 1345, 1345, 1345, 1345, 1345, 1345, 1346, 1347, 1348, 1348, 1348, 1348, 1348, 1348, 1348, 1348, 1348, 1348, 1348, 1348, 1348, 1348, 1348, 1348, 1348, 1348, 1348, 1348, 1348, 1348, 1347, 1346, 1345, 1345, 1345], ""6"": [1358, 1358, 1358, 1358, 1358, 1358, 1358, 1358, 1358, 1358, 1358, 1358, 1358, 1358, 1359, 1360, 1361, 1362, 1363, 1364, 1365, 1366, 1367, 1368, 1369, 1370, 1370, 1369, 1368, 1367, 1366, 1366, 1367, 1368, 1369, 1370, 1370, 1369, 1368, 1367, 1366, 1365, 1364, 1363, 1362, 1361, 1360, 1359, 1358, 1358, 1358, 1358, 1358, 1358, 1358, 1358, 1358, 1358, 1358, 1358, 1358, 1358, 1358, 1358, 1358, 1358, 1358, 1358, 1358, 1358, 1358, 1359, 1360, 1361, 1361, 1361, 1361, 1361, 1361, 1361, 1361, 1361, 1361, 1361, 1361, 1361, 1361, 1361, 1361, 1361, 1361, 1361, 1361, 1361, 1361, 1360, 1359, 1358, 1358, 1358], ""7"": [1358, 1358, 1358, 1358, 1358, 1358, 1358, 1358, 1358, 1358, 1358, 1358, 1358, 1358, 1359, 1360, 1361, 1362, 1363, 1364, 1365, 1366, 1367, 1368, 1369, 1370, 1370, 1369, 1368, 1367, 1366, 1366, 1367, 1368, 1369, 1370, 1370, 1369, 1368, 1367, 1366, 1365, 1364, 1363, 1362, 1361, 1360, 1359, 1358, 1358, 1358, 1358, 1358, 1358, 1358, 1358, 1358, 1358, 1358, 1358, 1358, 1358, 1358, 1358, 1358, 1358, 1358, 1358, 1358, 1358, 1358, 1359, 1360, 1361, 1361, 1361, 1361, 1361, 1361, 1361, 1361, 1361, 1361, 1361, 1361, 1361, 1361, 1361, 1361, 1361, 1361, 1361, 1361, 1361, 1361, 1360, 1359, 1358, 1358, 1358]}",{},"frame = min(count-1, floor(count*progress/duration)); duration from atomic length",Animals/tribe_14_goats/Sheets/cr_ani_body_00__deer01/j48_A007_animal_goat_wait_s983.png,Animals/tribe_14_goats/Sheets/cr_ani_body_00__deer01/j48_A007_animal_goat_wait_s983__shadow_mask.png,"[38, 40]","[22, 23]","[0, 1, 2, 3, 4, 5, 6, 7]",RENDERED,COMPATIBLE,[],PIXEL_CONFIRMED,Animals/tribe_14_goats/young_job48/metadata.json,Animals/tribe_14_goats/young_job48/index.html
14,Goats,animal,48,48,baby_animal,Young Animal,young,[48],985,48,False,atomic,9,animal_bear_eat,20,[],,,0,,0,animal_goat_wait,animal_goat_wait,initial,0,Data\Engine2D\Bin\Bobs\CR_Ani_Body_00.bmd,Data\Engine2D\Bin\Bobs\CR_Ani_Body_00_s.bmd,,,[],deer01,,declared base palette (ordinal 0 of RNG list),[],"{""0"": [1345, 1345, 1345, 1345, 1345, 1345, 1345, 1345, 1345, 1345, 1345, 1345, 1345, 1345, 1346, 1347, 1348, 1349, 1350, 1351, 1352, 1353, 1354, 1355, 1356, 1357, 1357, 1356, 1355, 1354, 1353, 1353, 1354, 1355, 1356, 1357, 1357, 1356, 1355, 1354, 1353, 1352, 1351, 1350, 1349, 1348, 1347, 1346, 1345, 1345, 1345, 1345, 1345, 1345, 1345, 1345, 1345, 1345, 1345, 1345, 1345, 1345, 1345, 1345, 1345, 1345, 1345, 1345, 1345, 1345, 1345, 1346, 1347, 1348, 1348, 1348, 1348, 1348, 1348, 1348, 1348, 1348, 1348, 1348, 1348, 1348, 1348, 1348, 1348, 1348, 1348, 1348, 1348, 1348, 1348, 1347, 1346, 1345, 1345, 1345], ""1"": [1345, 1345, 1345, 1345, 1345, 1345, 1345, 1345, 1345, 1345, 1345, 1345, 1345, 1345, 1346, 1347, 1348, 1349, 1350, 1351, 1352, 1353, 1354, 1355, 1356, 1357, 1357, 1356, 1355, 1354, 1353, 1353, 1354, 1355, 1356, 1357, 1357, 1356, 1355, 1354, 1353, 1352, 1351, 1350, 1349, 1348, 1347, 1346, 1345, 1345, 1345, 1345, 1345, 1345, 1345, 1345, 1345, 1345, 1345, 1345, 1345, 1345, 1345, 1345, 1345, 1345, 1345, 1345, 1345, 1345, 1345, 1346, 1347, 1348, 1348, 1348, 1348, 1348, 1348, 1348, 1348, 1348, 1348, 1348, 1348, 1348, 1348, 1348, 1348, 1348, 1348, 1348, 1348, 1348, 1348, 1347, 1346, 1345, 1345, 1345], ""2"": [1332, 1332, 1332, 1332, 1332, 1332, 1332, 1332, 1332, 1332, 1332, 1332, 1332, 1332, 1333, 1334, 1335, 1336, 1337, 1338, 1339, 1340, 1341, 1342, 1343, 1344, 1344, 1343, 1342, 1341, 1340, 1340, 1341, 1342, 1343, 1344, 1344, 1343, 1342, 1341, 1340, 1339, 1338, 1337, 1336, 1335, 1334, 1333, 1332, 1332, 1332, 1332, 1332, 1332, 1332, 1332, 1332, 1332, 1332, 1332, 1332, 1332, 1332, 1332, 1332, 1332, 1332, 1332, 1332, 1332, 1332, 1333, 1334, 1335, 1335, 1335, 1335, 1335, 1335, 1335, 1335, 1335, 1335, 1335, 1335, 1335, 1335, 1335, 1335, 1335, 1335, 1335, 1335, 1335, 1335, 1334, 1333, 1332, 1332, 1332], ""3"": [1332, 1332, 1332, 1332, 1332, 1332, 1332, 1332, 1332, 1332, 1332, 1332, 1332, 1332, 1333, 1334, 1335, 1336, 1337, 1338, 1339, 1340, 1341, 1342, 1343, 1344, 1344, 1343, 1342, 1341, 1340, 1340, 1341, 1342, 1343, 1344, 1344, 1343, 1342, 1341, 1340, 1339, 1338, 1337, 1336, 1335, 1334, 1333, 1332, 1332, 1332, 1332, 1332, 1332, 1332, 1332, 1332, 1332, 1332, 1332, 1332, 1332, 1332, 1332, 1332, 1332, 1332, 1332, 1332, 1332, 1332, 1333, 1334, 1335, 1335, 1335, 1335, 1335, 1335, 1335, 1335, 1335, 1335, 1335, 1335, 1335, 1335, 1335, 1335, 1335, 1335, 1335, 1335, 1335, 1335, 1334, 1333, 1332, 1332, 1332], ""4"": [1332, 1332, 1332, 1332, 1332, 1332, 1332, 1332, 1332, 1332, 1332, 1332, 1332, 1332, 1333, 1334, 1335, 1336, 1337, 1338, 1339, 1340, 1341, 1342, 1343, 1344, 1344, 1343, 1342, 1341, 1340, 1340, 1341, 1342, 1343, 1344, 1344, 1343, 1342, 1341, 1340, 1339, 1338, 1337, 1336, 1335, 1334, 1333, 1332, 1332, 1332, 1332, 1332, 1332, 1332, 1332, 1332, 1332, 1332, 1332, 1332, 1332, 1332, 1332, 1332, 1332, 1332, 1332, 1332, 1332, 1332, 1333, 1334, 1335, 1335, 1335, 1335, 1335, 1335, 1335, 1335, 1335, 1335, 1335, 1335, 1335, 1335, 1335, 1335, 1335, 1335, 1335, 1335, 1335, 1335, 1334, 1333, 1332, 1332, 1332], ""5"": [1345, 1345, 1345, 1345, 1345, 1345, 1345, 1345, 1345, 1345, 1345, 1345, 1345, 1345, 1346, 1347, 1348, 1349, 1350, 1351, 1352, 1353, 1354, 1355, 1356, 1357, 1357, 1356, 1355, 1354, 1353, 1353, 1354, 1355, 1356, 1357, 1357, 1356, 1355, 1354, 1353, 1352, 1351, 1350, 1349, 1348, 1347, 1346, 1345, 1345, 1345, 1345, 1345, 1345, 1345, 1345, 1345, 1345, 1345, 1345, 1345, 1345, 1345, 1345, 1345, 1345, 1345, 1345, 1345, 1345, 1345, 1346, 1347, 1348, 1348, 1348, 1348, 1348, 1348, 1348, 1348, 1348, 1348, 1348, 1348, 1348, 1348, 1348, 1348, 1348, 1348, 1348, 1348, 1348, 1348, 1347, 1346, 1345, 1345, 1345], ""6"": [1358, 1358, 1358, 1358, 1358, 1358, 1358, 1358, 1358, 1358, 1358, 1358, 1358, 1358, 1359, 1360, 1361, 1362, 1363, 1364, 1365, 1366, 1367, 1368, 1369, 1370, 1370, 1369, 1368, 1367, 1366, 1366, 1367, 1368, 1369, 1370, 1370, 1369, 1368, 1367, 1366, 1365, 1364, 1363, 1362, 1361, 1360, 1359, 1358, 1358, 1358, 1358, 1358, 1358, 1358, 1358, 1358, 1358, 1358, 1358, 1358, 1358, 1358, 1358, 1358, 1358, 1358, 1358, 1358, 1358, 1358, 1359, 1360, 1361, 1361, 1361, 1361, 1361, 1361, 1361, 1361, 1361, 1361, 1361, 1361, 1361, 1361, 1361, 1361, 1361, 1361, 1361, 1361, 1361, 1361, 1360, 1359, 1358, 1358, 1358], ""7"": [1358, 1358, 1358, 1358, 1358, 1358, 1358, 1358, 1358, 1358, 1358, 1358, 1358, 1358, 1359, 1360, 1361, 1362, 1363, 1364, 1365, 1366, 1367, 1368, 1369, 1370, 1370, 1369, 1368, 1367, 1366, 1366, 1367, 1368, 1369, 1370, 1370, 1369, 1368, 1367, 1366, 1365, 1364, 1363, 1362, 1361, 1360, 1359, 1358, 1358, 1358, 1358, 1358, 1358, 1358, 1358, 1358, 1358, 1358, 1358, 1358, 1358, 1358, 1358, 1358, 1358, 1358, 1358, 1358, 1358, 1358, 1359, 1360, 1361, 1361, 1361, 1361, 1361, 1361, 1361, 1361, 1361, 1361, 1361, 1361, 1361, 1361, 1361, 1361, 1361, 1361, 1361, 1361, 1361, 1361, 1360, 1359, 1358, 1358, 1358]}",{},"frame = min(count-1, floor(count*progress/duration)); duration from atomic length",Animals/tribe_14_goats/Sheets/cr_ani_body_00__deer01/j48_A009_animal_goat_wait_s985.png,Animals/tribe_14_goats/Sheets/cr_ani_body_00__deer01/j48_A009_animal_goat_wait_s985__shadow_mask.png,"[38, 40]","[22, 23]","[0, 1, 2, 3, 4, 5, 6, 7]",RENDERED,COMPATIBLE,[],PIXEL_CONFIRMED,Animals/tribe_14_goats/young_job48/metadata.json,Animals/tribe_14_goats/young_job48/index.html
14,Goats,animal,49,49,adult_animal,Animal,adult,"[49, 48]",767,49,False,atomic,2,animal_goat_tame_adult_idle,100,[],,,0,,0,animal_goat_wait,animal_goat_wait,initial,0,Data\Engine2D\Bin\Bobs\CR_Ani_Body_00.bmd,Data\Engine2D\Bin\Bobs\CR_Ani_Body_00_s.bmd,,,[],deer01,,declared base palette (ordinal 0 of RNG list),[],"{""0"": [1345, 1345, 1345, 1345, 1345, 1345, 1345, 1345, 1345, 1345, 1345, 1345, 1345, 1345, 1346, 1347, 1348, 1349, 1350, 1351, 1352, 1353, 1354, 1355, 1356, 1357, 1357, 1356, 1355, 1354, 1353, 1353, 1354, 1355, 1356, 1357, 1357, 1356, 1355, 1354, 1353, 1352, 1351, 1350, 1349, 1348, 1347, 1346, 1345, 1345, 1345, 1345, 1345, 1345, 1345, 1345, 1345, 1345, 1345, 1345, 1345, 1345, 1345, 1345, 1345, 1345, 1345, 1345, 1345, 1345, 1345, 1346, 1347, 1348, 1348, 1348, 1348, 1348, 1348, 1348, 1348, 1348, 1348, 1348, 1348, 1348, 1348, 1348, 1348, 1348, 1348, 1348, 1348, 1348, 1348, 1347, 1346, 1345, 1345, 1345], ""1"": [1345, 1345, 1345, 1345, 1345, 1345, 1345, 1345, 1345, 1345, 1345, 1345, 1345, 1345, 1346, 1347, 1348, 1349, 1350, 1351, 1352, 1353, 1354, 1355, 1356, 1357, 1357, 1356, 1355, 1354, 1353, 1353, 1354, 1355, 1356, 1357, 1357, 1356, 1355, 1354, 1353, 1352, 1351, 1350, 1349, 1348, 1347, 1346, 1345, 1345, 1345, 1345, 1345, 1345, 1345, 1345, 1345, 1345, 1345, 1345, 1345, 1345, 1345, 1345, 1345, 1345, 1345, 1345, 1345, 1345, 1345, 1346, 1347, 1348, 1348, 1348, 1348, 1348, 1348, 1348, 1348, 1348, 1348, 1348, 1348, 1348, 1348, 1348, 1348, 1348, 1348, 1348, 1348, 1348, 1348, 1347, 1346, 1345, 1345, 1345], ""2"": [1332, 1332, 1332, 1332, 1332, 1332, 1332, 1332, 1332, 1332, 1332, 1332, 1332, 1332, 1333, 1334, 1335, 1336, 1337, 1338, 1339, 1340, 1341, 1342, 1343, 1344, 1344, 1343, 1342, 1341, 1340, 1340, 1341, 1342, 1343, 1344, 1344, 1343, 1342, 1341, 1340, 1339, 1338, 1337, 1336, 1335, 1334, 1333, 1332, 1332, 1332, 1332, 1332, 1332, 1332, 1332, 1332, 1332, 1332, 1332, 1332, 1332, 1332, 1332, 1332, 1332, 1332, 1332, 1332, 1332, 1332, 1333, 1334, 1335, 1335, 1335, 1335, 1335, 1335, 1335, 1335, 1335, 1335, 1335, 1335, 1335, 1335, 1335, 1335, 1335, 1335, 1335, 1335, 1335, 1335, 1334, 1333, 1332, 1332, 1332], ""3"": [1332, 1332, 1332, 1332, 1332, 1332, 1332, 1332, 1332, 1332, 1332, 1332, 1332, 1332, 1333, 1334, 1335, 1336, 1337, 1338, 1339, 1340, 1341, 1342, 1343, 1344, 1344, 1343, 1342, 1341, 1340, 1340, 1341, 1342, 1343, 1344, 1344, 1343, 1342, 1341, 1340, 1339, 1338, 1337, 1336, 1335, 1334, 1333, 1332, 1332, 1332, 1332, 1332, 1332, 1332, 1332, 1332, 1332, 1332, 1332, 1332, 1332, 1332, 1332, 1332, 1332, 1332, 1332, 1332, 1332, 1332, 1333, 1334, 1335, 1335, 1335, 1335, 1335, 1335, 1335, 1335, 1335, 1335, 1335, 1335, 1335, 1335, 1335, 1335, 1335, 1335, 1335, 1335, 1335, 1335, 1334, 1333, 1332, 1332, 1332], ""4"": [1332, 1332, 1332, 1332, 1332, 1332, 1332, 1332, 1332, 1332, 1332, 1332, 1332, 1332, 1333, 1334, 1335, 1336, 1337, 1338, 1339, 1340, 1341, 1342, 1343, 1344, 1344, 1343, 1342, 1341, 1340, 1340, 1341, 1342, 1343, 1344, 1344, 1343, 1342, 1341, 1340, 1339, 1338, 1337, 1336, 1335, 1334, 1333, 1332, 1332, 1332, 1332, 1332, 1332, 1332, 1332, 1332, 1332, 1332, 1332, 1332, 1332, 1332, 1332, 1332, 1332, 1332, 1332, 1332, 1332, 1332, 1333, 1334, 1335, 1335, 1335, 1335, 1335, 1335, 1335, 1335, 1335, 1335, 1335, 1335, 1335, 1335, 1335, 1335, 1335, 1335, 1335, 1335, 1335, 1335, 1334, 1333, 1332, 1332, 1332], ""5"": [1345, 1345, 1345, 1345, 1345, 1345, 1345, 1345, 1345, 1345, 1345, 1345, 1345, 1345, 1346, 1347, 1348, 1349, 1350, 1351, 1352, 1353, 1354, 1355, 1356, 1357, 1357, 1356, 1355, 1354, 1353, 1353, 1354, 1355, 1356, 1357, 1357, 1356, 1355, 1354, 1353, 1352, 1351, 1350, 1349, 1348, 1347, 1346, 1345, 1345, 1345, 1345, 1345, 1345, 1345, 1345, 1345, 1345, 1345, 1345, 1345, 1345, 1345, 1345, 1345, 1345, 1345, 1345, 1345, 1345, 1345, 1346, 1347, 1348, 1348, 1348, 1348, 1348, 1348, 1348, 1348, 1348, 1348, 1348, 1348, 1348, 1348, 1348, 1348, 1348, 1348, 1348, 1348, 1348, 1348, 1347, 1346, 1345, 1345, 1345], ""6"": [1358, 1358, 1358, 1358, 1358, 1358, 1358, 1358, 1358, 1358, 1358, 1358, 1358, 1358, 1359, 1360, 1361, 1362, 1363, 1364, 1365, 1366, 1367, 1368, 1369, 1370, 1370, 1369, 1368, 1367, 1366, 1366, 1367, 1368, 1369, 1370, 1370, 1369, 1368, 1367, 1366, 1365, 1364, 1363, 1362, 1361, 1360, 1359, 1358, 1358, 1358, 1358, 1358, 1358, 1358, 1358, 1358, 1358, 1358, 1358, 1358, 1358, 1358, 1358, 1358, 1358, 1358, 1358, 1358, 1358, 1358, 1359, 1360, 1361, 1361, 1361, 1361, 1361, 1361, 1361, 1361, 1361, 1361, 1361, 1361, 1361, 1361, 1361, 1361, 1361, 1361, 1361, 1361, 1361, 1361, 1360, 1359, 1358, 1358, 1358], ""7"": [1358, 1358, 1358, 1358, 1358, 1358, 1358, 1358, 1358, 1358, 1358, 1358, 1358, 1358, 1359, 1360, 1361, 1362, 1363, 1364, 1365, 1366, 1367, 1368, 1369, 1370, 1370, 1369, 1368, 1367, 1366, 1366, 1367, 1368, 1369, 1370, 1370, 1369, 1368, 1367, 1366, 1365, 1364, 1363, 1362, 1361, 1360, 1359, 1358, 1358, 1358, 1358, 1358, 1358, 1358, 1358, 1358, 1358, 1358, 1358, 1358, 1358, 1358, 1358, 1358, 1358, 1358, 1358, 1358, 1358, 1358, 1359, 1360, 1361, 1361, 1361, 1361, 1361, 1361, 1361, 1361, 1361, 1361, 1361, 1361, 1361, 1361, 1361, 1361, 1361, 1361, 1361, 1361, 1361, 1361, 1360, 1359, 1358, 1358, 1358]}",{},"frame = min(count-1, floor(count*progress/duration)); duration from atomic length",Animals/tribe_14_goats/Sheets/cr_ani_body_00__deer01/j49_A002_animal_goat_wait_s767.png,Animals/tribe_14_goats/Sheets/cr_ani_body_00__deer01/j49_A002_animal_goat_wait_s767__shadow_mask.png,"[38, 40]","[22, 23]","[0, 1, 2, 3, 4, 5, 6, 7]",RENDERED,COMPATIBLE,[],PIXEL_CONFIRMED,Animals/tribe_14_goats/adult_job49/metadata.json,Animals/tribe_14_goats/adult_job49/index.html
14,Goats,animal,49,49,adult_animal,Animal,adult,"[49, 48]",762,49,False,atomic,3,animal_goat_tame_adult_idle,100,[],,,0,,0,animal_goat_wait,animal_goat_wait,initial,0,Data\Engine2D\Bin\Bobs\CR_Ani_Body_00.bmd,Data\Engine2D\Bin\Bobs\CR_Ani_Body_00_s.bmd,,,[],deer01,,declared base palette (ordinal 0 of RNG list),[],"{""0"": [1345, 1345, 1345, 1345, 1345, 1345, 1345, 1345, 1345, 1345, 1345, 1345, 1345, 1345, 1346, 1347, 1348, 1349, 1350, 1351, 1352, 1353, 1354, 1355, 1356, 1357, 1357, 1356, 1355, 1354, 1353, 1353, 1354, 1355, 1356, 1357, 1357, 1356, 1355, 1354, 1353, 1352, 1351, 1350, 1349, 1348, 1347, 1346, 1345, 1345, 1345, 1345, 1345, 1345, 1345, 1345, 1345, 1345, 1345, 1345, 1345, 1345, 1345, 1345, 1345, 1345, 1345, 1345, 1345, 1345, 1345, 1346, 1347, 1348, 1348, 1348, 1348, 1348, 1348, 1348, 1348, 1348, 1348, 1348, 1348, 1348, 1348, 1348, 1348, 1348, 1348, 1348, 1348, 1348, 1348, 1347, 1346, 1345, 1345, 1345], ""1"": [1345, 1345, 1345, 1345, 1345, 1345, 1345, 1345, 1345, 1345, 1345, 1345, 1345, 1345, 1346, 1347, 1348, 1349, 1350, 1351, 1352, 1353, 1354, 1355, 1356, 1357, 1357, 1356, 1355, 1354, 1353, 1353, 1354, 1355, 1356, 1357, 1357, 1356, 1355, 1354, 1353, 1352, 1351, 1350, 1349, 1348, 1347, 1346, 1345, 1345, 1345, 1345, 1345, 1345, 1345, 1345, 1345, 1345, 1345, 1345, 1345, 1345, 1345, 1345, 1345, 1345, 1345, 1345, 1345, 1345, 1345, 1346, 1347, 1348, 1348, 1348, 1348, 1348, 1348, 1348, 1348, 1348, 1348, 1348, 1348, 1348, 1348, 1348, 1348, 1348, 1348, 1348, 1348, 1348, 1348, 1347, 1346, 1345, 1345, 1345], ""2"": [1332, 1332, 1332, 1332, 1332, 1332, 1332, 1332, 1332, 1332, 1332, 1332, 1332, 1332, 1333, 1334, 1335, 1336, 1337, 1338, 1339, 1340, 1341, 1342, 1343, 1344, 1344, 1343, 1342, 1341, 1340, 1340, 1341, 1342, 1343, 1344, 1344, 1343, 1342, 1341, 1340, 1339, 1338, 1337, 1336, 1335, 1334, 1333, 1332, 1332, 1332, 1332, 1332, 1332, 1332, 1332, 1332, 1332, 1332, 1332, 1332, 1332, 1332, 1332, 1332, 1332, 1332, 1332, 1332, 1332, 1332, 1333, 1334, 1335, 1335, 1335, 1335, 1335, 1335, 1335, 1335, 1335, 1335, 1335, 1335, 1335, 1335, 1335, 1335, 1335, 1335, 1335, 1335, 1335, 1335, 1334, 1333, 1332, 1332, 1332], ""3"": [1332, 1332, 1332, 1332, 1332, 1332, 1332, 1332, 1332, 1332, 1332, 1332, 1332, 1332, 1333, 1334, 1335, 1336, 1337, 1338, 1339, 1340, 1341, 1342, 1343, 1344, 1344, 1343, 1342, 1341, 1340, 1340, 1341, 1342, 1343, 1344, 1344, 1343, 1342, 1341, 1340, 1339, 1338, 1337, 1336, 1335, 1334, 1333, 1332, 1332, 1332, 1332, 1332, 1332, 1332, 1332, 1332, 1332, 1332, 1332, 1332, 1332, 1332, 1332, 1332, 1332, 1332, 1332, 1332, 1332, 1332, 1333, 1334, 1335, 1335, 1335, 1335, 1335, 1335, 1335, 1335, 1335, 1335, 1335, 1335, 1335, 1335, 1335, 1335, 1335, 1335, 1335, 1335, 1335, 1335, 1334, 1333, 1332, 1332, 1332], ""4"": [1332, 1332, 1332, 1332, 1332, 1332, 1332, 1332, 1332, 1332, 1332, 1332, 1332, 1332, 1333, 1334, 1335, 1336, 1337, 1338, 1339, 1340, 1341, 1342, 1343, 1344, 1344, 1343, 1342, 1341, 1340, 1340, 1341, 1342, 1343, 1344, 1344, 1343, 1342, 1341, 1340, 1339, 1338, 1337, 1336, 1335, 1334, 1333, 1332, 1332, 1332, 1332, 1332, 1332, 1332, 1332, 1332, 1332, 1332, 1332, 1332, 1332, 1332, 1332, 1332, 1332, 1332, 1332, 1332, 1332, 1332, 1333, 1334, 1335, 1335, 1335, 1335, 1335, 1335, 1335, 1335, 1335, 1335, 1335, 1335, 1335, 1335, 1335, 1335, 1335, 1335, 1335, 1335, 1335, 1335, 1334, 1333, 1332, 1332, 1332], ""5"": [1345, 1345, 1345, 1345, 1345, 1345, 1345, 1345, 1345, 1345, 1345, 1345, 1345, 1345, 1346, 1347, 1348, 1349, 1350, 1351, 1352, 1353, 1354, 1355, 1356, 1357, 1357, 1356, 1355, 1354, 1353, 1353, 1354, 1355, 1356, 1357, 1357, 1356, 1355, 1354, 1353, 1352, 1351, 1350, 1349, 1348, 1347, 1346, 1345, 1345, 1345, 1345, 1345, 1345, 1345, 1345, 1345, 1345, 1345, 1345, 1345, 1345, 1345, 1345, 1345, 1345, 1345, 1345, 1345, 1345, 1345, 1346, 1347, 1348, 1348, 1348, 1348, 1348, 1348, 1348, 1348, 1348, 1348, 1348, 1348, 1348, 1348, 1348, 1348, 1348, 1348, 1348, 1348, 1348, 1348, 1347, 1346, 1345, 1345, 1345], ""6"": [1358, 1358, 1358, 1358, 1358, 1358, 1358, 1358, 1358, 1358, 1358, 1358, 1358, 1358, 1359, 1360, 1361, 1362, 1363, 1364, 1365, 1366, 1367, 1368, 1369, 1370, 1370, 1369, 1368, 1367, 1366, 1366, 1367, 1368, 1369, 1370, 1370, 1369, 1368, 1367, 1366, 1365, 1364, 1363, 1362, 1361, 1360, 1359, 1358, 1358, 1358, 1358, 1358, 1358, 1358, 1358, 1358, 1358, 1358, 1358, 1358, 1358, 1358, 1358, 1358, 1358, 1358, 1358, 1358, 1358, 1358, 1359, 1360, 1361, 1361, 1361, 1361, 1361, 1361, 1361, 1361, 1361, 1361, 1361, 1361, 1361, 1361, 1361, 1361, 1361, 1361, 1361, 1361, 1361, 1361, 1360, 1359, 1358, 1358, 1358], ""7"": [1358, 1358, 1358, 1358, 1358, 1358, 1358, 1358, 1358, 1358, 1358, 1358, 1358, 1358, 1359, 1360, 1361, 1362, 1363, 1364, 1365, 1366, 1367, 1368, 1369, 1370, 1370, 1369, 1368, 1367, 1366, 1366, 1367, 1368, 1369, 1370, 1370, 1369, 1368, 1367, 1366, 1365, 1364, 1363, 1362, 1361, 1360, 1359, 1358, 1358, 1358, 1358, 1358, 1358, 1358, 1358, 1358, 1358, 1358, 1358, 1358, 1358, 1358, 1358, 1358, 1358, 1358, 1358, 1358, 1358, 1358, 1359, 1360, 1361, 1361, 1361, 1361, 1361, 1361, 1361, 1361, 1361, 1361, 1361, 1361, 1361, 1361, 1361, 1361, 1361, 1361, 1361, 1361, 1361, 1361, 1360, 1359, 1358, 1358, 1358]}",{},"frame = min(count-1, floor(count*progress/duration)); duration from atomic length",Animals/tribe_14_goats/Sheets/cr_ani_body_00__deer01/j49_A003_animal_goat_wait_s762.png,Animals/tribe_14_goats/Sheets/cr_ani_body_00__deer01/j49_A003_animal_goat_wait_s762__shadow_mask.png,"[38, 40]","[22, 23]","[0, 1, 2, 3, 4, 5, 6, 7]",RENDERED,COMPATIBLE,[],PIXEL_CONFIRMED,Animals/tribe_14_goats/adult_job49/metadata.json,Animals/tribe_14_goats/adult_job49/index.html
14,Goats,animal,49,49,adult_animal,Animal,adult,"[49, 48]",763,49,False,atomic,4,animal_goat_tame_adult_idle,100,[],,,0,,0,animal_goat_wait,animal_goat_wait,initial,0,Data\Engine2D\Bin\Bobs\CR_Ani_Body_00.bmd,Data\Engine2D\Bin\Bobs\CR_Ani_Body_00_s.bmd,,,[],deer01,,declared base palette (ordinal 0 of RNG list),[],"{""0"": [1345, 1345, 1345, 1345, 1345, 1345, 1345, 1345, 1345, 1345, 1345, 1345, 1345, 1345, 1346, 1347, 1348, 1349, 1350, 1351, 1352, 1353, 1354, 1355, 1356, 1357, 1357, 1356, 1355, 1354, 1353, 1353, 1354, 1355, 1356, 1357, 1357, 1356, 1355, 1354, 1353, 1352, 1351, 1350, 1349, 1348, 1347, 1346, 1345, 1345, 1345, 1345, 1345, 1345, 1345, 1345, 1345, 1345, 1345, 1345, 1345, 1345, 1345, 1345, 1345, 1345, 1345, 1345, 1345, 1345, 1345, 1346, 1347, 1348, 1348, 1348, 1348, 1348, 1348, 1348, 1348, 1348, 1348, 1348, 1348, 1348, 1348, 1348, 1348, 1348, 1348, 1348, 1348, 1348, 1348, 1347, 1346, 1345, 1345, 1345], ""1"": [1345, 1345, 1345, 1345, 1345, 1345, 1345, 1345, 1345, 1345, 1345, 1345, 1345, 1345, 1346, 1347, 1348, 1349, 1350, 1351, 1352, 1353, 1354, 1355, 1356, 1357, 1357, 1356, 1355, 1354, 1353, 1353, 1354, 1355, 1356, 1357, 1357, 1356, 1355, 1354, 1353, 1352, 1351, 1350, 1349, 1348, 1347, 1346, 1345, 1345, 1345, 1345, 1345, 1345, 1345, 1345, 1345, 1345, 1345, 1345, 1345, 1345, 1345, 1345, 1345, 1345, 1345, 1345, 1345, 1345, 1345, 1346, 1347, 1348, 1348, 1348, 1348, 1348, 1348, 1348, 1348, 1348, 1348, 1348, 1348, 1348, 1348, 1348, 1348, 1348, 1348, 1348, 1348, 1348, 1348, 1347, 1346, 1345, 1345, 1345], ""2"": [1332, 1332, 1332, 1332, 1332, 1332, 1332, 1332, 1332, 1332, 1332, 1332, 1332, 1332, 1333, 1334, 1335, 1336, 1337, 1338, 1339, 1340, 1341, 1342, 1343, 1344, 1344, 1343, 1342, 1341, 1340, 1340, 1341, 1342, 1343, 1344, 1344, 1343, 1342, 1341, 1340, 1339, 1338, 1337, 1336, 1335, 1334, 1333, 1332, 1332, 1332, 1332, 1332, 1332, 1332, 1332, 1332, 1332, 1332, 1332, 1332, 1332, 1332, 1332, 1332, 1332, 1332, 1332, 1332, 1332, 1332, 1333, 1334, 1335, 1335, 1335, 1335, 1335, 1335, 1335, 1335, 1335, 1335, 1335, 1335, 1335, 1335, 1335, 1335, 1335, 1335, 1335, 1335, 1335, 1335, 1334, 1333, 1332, 1332, 1332], ""3"": [1332, 1332, 1332, 1332, 1332, 1332, 1332, 1332, 1332, 1332, 1332, 1332, 1332, 1332, 1333, 1334, 1335, 1336, 1337, 1338, 1339, 1340, 1341, 1342, 1343, 1344, 1344, 1343, 1342, 1341, 1340, 1340, 1341, 1342, 1343, 1344, 1344, 1343, 1342, 1341, 1340, 1339, 1338, 1337, 1336, 1335, 1334, 1333, 1332, 1332, 1332, 1332, 1332, 1332, 1332, 1332, 1332, 1332, 1332, 1332, 1332, 1332, 1332, 1332, 1332, 1332, 1332, 1332, 1332, 1332, 1332, 1333, 1334, 1335, 1335, 1335, 1335, 1335, 1335, 1335, 1335, 1335, 1335, 1335, 1335, 1335, 1335, 1335, 1335, 1335, 1335, 1335, 1335, 1335, 1335, 1334, 1333, 1332, 1332, 1332], ""4"": [1332, 1332, 1332, 1332, 1332, 1332, 1332, 1332, 1332, 1332, 1332, 1332, 1332, 1332, 1333, 1334, 1335, 1336, 1337, 1338, 1339, 1340, 1341, 1342, 1343, 1344, 1344, 1343, 1342, 1341, 1340, 1340, 1341, 1342, 1343, 1344, 1344, 1343, 1342, 1341, 1340, 1339, 1338, 1337, 1336, 1335, 1334, 1333, 1332, 1332, 1332, 1332, 1332, 1332, 1332, 1332, 1332, 1332, 1332, 1332, 1332, 1332, 1332, 1332, 1332, 1332, 1332, 1332, 1332, 1332, 1332, 1333, 1334, 1335, 1335, 1335, 1335, 1335, 1335, 1335, 1335, 1335, 1335, 1335, 1335, 1335, 1335, 1335, 1335, 1335, 1335, 1335, 1335, 1335, 1335, 1334, 1333, 1332, 1332, 1332], ""5"": [1345, 1345, 1345, 1345, 1345, 1345, 1345, 1345, 1345, 1345, 1345, 1345, 1345, 1345, 1346, 1347, 1348, 1349, 1350, 1351, 1352, 1353, 1354, 1355, 1356, 1357, 1357, 1356, 1355, 1354, 1353, 1353, 1354, 1355, 1356, 1357, 1357, 1356, 1355, 1354, 1353, 1352, 1351, 1350, 1349, 1348, 1347, 1346, 1345, 1345, 1345, 1345, 1345, 1345, 1345, 1345, 1345, 1345, 1345, 1345, 1345, 1345, 1345, 1345, 1345, 1345, 1345, 1345, 1345, 1345, 1345, 1346, 1347, 1348, 1348, 1348, 1348, 1348, 1348, 1348, 1348, 1348, 1348, 1348, 1348, 1348, 1348, 1348, 1348, 1348, 1348, 1348, 1348, 1348, 1348, 1347, 1346, 1345, 1345, 1345], ""6"": [1358, 1358, 1358, 1358, 1358, 1358, 1358, 1358, 1358, 1358, 1358, 1358, 1358, 1358, 1359, 1360, 1361, 1362, 1363, 1364, 1365, 1366, 1367, 1368, 1369, 1370, 1370, 1369, 1368, 1367, 1366, 1366, 1367, 1368, 1369, 1370, 1370, 1369, 1368, 1367, 1366, 1365, 1364, 1363, 1362, 1361, 1360, 1359, 1358, 1358, 1358, 1358, 1358, 1358, 1358, 1358, 1358, 1358, 1358, 1358, 1358, 1358, 1358, 1358, 1358, 1358, 1358, 1358, 1358, 1358, 1358, 1359, 1360, 1361, 1361, 1361, 1361, 1361, 1361, 1361, 1361, 1361, 1361, 1361, 1361, 1361, 1361, 1361, 1361, 1361, 1361, 1361, 1361, 1361, 1361, 1360, 1359, 1358, 1358, 1358], ""7"": [1358, 1358, 1358, 1358, 1358, 1358, 1358, 1358, 1358, 1358, 1358, 1358, 1358, 1358, 1359, 1360, 1361, 1362, 1363, 1364, 1365, 1366, 1367, 1368, 1369, 1370, 1370, 1369, 1368, 1367, 1366, 1366, 1367, 1368, 1369, 1370, 1370, 1369, 1368, 1367, 1366, 1365, 1364, 1363, 1362, 1361, 1360, 1359, 1358, 1358, 1358, 1358, 1358, 1358, 1358, 1358, 1358, 1358, 1358, 1358, 1358, 1358, 1358, 1358, 1358, 1358, 1358, 1358, 1358, 1358, 1358, 1359, 1360, 1361, 1361, 1361, 1361, 1361, 1361, 1361, 1361, 1361, 1361, 1361, 1361, 1361, 1361, 1361, 1361, 1361, 1361, 1361, 1361, 1361, 1361, 1360, 1359, 1358, 1358, 1358]}",{},"frame = min(count-1, floor(count*progress/duration)); duration from atomic length",Animals/tribe_14_goats/Sheets/cr_ani_body_00__deer01/j49_A004_animal_goat_wait_s763.png,Animals/tribe_14_goats/Sheets/cr_ani_body_00__deer01/j49_A004_animal_goat_wait_s763__shadow_mask.png,"[38, 40]","[22, 23]","[0, 1, 2, 3, 4, 5, 6, 7]",RENDERED,COMPATIBLE,[],PIXEL_CONFIRMED,Animals/tribe_14_goats/adult_job49/metadata.json,Animals/tribe_14_goats/adult_job49/index.html
14,Goats,animal,49,49,adult_animal,Animal,adult,"[49, 48]",764,49,False,atomic,5,animal_goat_tame_adult_idle,100,[],,,0,,0,animal_goat_wait,animal_goat_wait,initial,0,Data\Engine2D\Bin\Bobs\CR_Ani_Body_00.bmd,Data\Engine2D\Bin\Bobs\CR_Ani_Body_00_s.bmd,,,[],deer01,,declared base palette (ordinal 0 of RNG list),[],"{""0"": [1345, 1345, 1345, 1345, 1345, 1345, 1345, 1345, 1345, 1345, 1345, 1345, 1345, 1345, 1346, 1347, 1348, 1349, 1350, 1351, 1352, 1353, 1354, 1355, 1356, 1357, 1357, 1356, 1355, 1354, 1353, 1353, 1354, 1355, 1356, 1357, 1357, 1356, 1355, 1354, 1353, 1352, 1351, 1350, 1349, 1348, 1347, 1346, 1345, 1345, 1345, 1345, 1345, 1345, 1345, 1345, 1345, 1345, 1345, 1345, 1345, 1345, 1345, 1345, 1345, 1345, 1345, 1345, 1345, 1345, 1345, 1346, 1347, 1348, 1348, 1348, 1348, 1348, 1348, 1348, 1348, 1348, 1348, 1348, 1348, 1348, 1348, 1348, 1348, 1348, 1348, 1348, 1348, 1348, 1348, 1347, 1346, 1345, 1345, 1345], ""1"": [1345, 1345, 1345, 1345, 1345, 1345, 1345, 1345, 1345, 1345, 1345, 1345, 1345, 1345, 1346, 1347, 1348, 1349, 1350, 1351, 1352, 1353, 1354, 1355, 1356, 1357, 1357, 1356, 1355, 1354, 1353, 1353, 1354, 1355, 1356, 1357, 1357, 1356, 1355, 1354, 1353, 1352, 1351, 1350, 1349, 1348, 1347, 1346, 1345, 1345, 1345, 1345, 1345, 1345, 1345, 1345, 1345, 1345, 1345, 1345, 1345, 1345, 1345, 1345, 1345, 1345, 1345, 1345, 1345, 1345, 1345, 1346, 1347, 1348, 1348, 1348, 1348, 1348, 1348, 1348, 1348, 1348, 1348, 1348, 1348, 1348, 1348, 1348, 1348, 1348, 1348, 1348, 1348, 1348, 1348, 1347, 1346, 1345, 1345, 1345], ""2"": [1332, 1332, 1332, 1332, 1332, 1332, 1332, 1332, 1332, 1332, 1332, 1332, 1332, 1332, 1333, 1334, 1335, 1336, 1337, 1338, 1339, 1340, 1341, 1342, 1343, 1344, 1344, 1343, 1342, 1341, 1340, 1340, 1341, 1342, 1343, 1344, 1344, 1343, 1342, 1341, 1340, 1339, 1338, 1337, 1336, 1335, 1334, 1333, 1332, 1332, 1332, 1332, 1332, 1332, 1332, 1332, 1332, 1332, 1332, 1332, 1332, 1332, 1332, 1332, 1332, 1332, 1332, 1332, 1332, 1332, 1332, 1333, 1334, 1335, 1335, 1335, 1335, 1335, 1335, 1335, 1335, 1335, 1335, 1335, 1335, 1335, 1335, 1335, 1335, 1335, 1335, 1335, 1335, 1335, 1335, 1334, 1333, 1332, 1332, 1332], ""3"": [1332, 1332, 1332, 1332, 1332, 1332, 1332, 1332, 1332, 1332, 1332, 1332, 1332, 1332, 1333, 1334, 1335, 1336, 1337, 1338, 1339, 1340, 1341, 1342, 1343, 1344, 1344, 1343, 1342, 1341, 1340, 1340, 1341, 1342, 1343, 1344, 1344, 1343, 1342, 1341, 1340, 1339, 1338, 1337, 1336, 1335, 1334, 1333, 1332, 1332, 1332, 1332, 1332, 1332, 1332, 1332, 1332, 1332, 1332, 1332, 1332, 1332, 1332, 1332, 1332, 1332, 1332, 1332, 1332, 1332, 1332, 1333, 1334, 1335, 1335, 1335, 1335, 1335, 1335, 1335, 1335, 1335, 1335, 1335, 1335, 1335, 1335, 1335, 1335, 1335, 1335, 1335, 1335, 1335, 1335, 1334, 1333, 1332, 1332, 1332], ""4"": [1332, 1332, 1332, 1332, 1332, 1332, 1332, 1332, 1332, 1332, 1332, 1332, 1332, 1332, 1333, 1334, 1335, 1336, 1337, 1338, 1339, 1340, 1341, 1342, 1343, 1344, 1344, 1343, 1342, 1341, 1340, 1340, 1341, 1342, 1343, 1344, 1344, 1343, 1342, 1341, 1340, 1339, 1338, 1337, 1336, 1335, 1334, 1333, 1332, 1332, 1332, 1332, 1332, 1332, 1332, 1332, 1332, 1332, 1332, 1332, 1332, 1332, 1332, 1332, 1332, 1332, 1332, 1332, 1332, 1332, 1332, 1333, 1334, 1335, 1335, 1335, 1335, 1335, 1335, 1335, 1335, 1335, 1335, 1335, 1335, 1335, 1335, 1335, 1335, 1335, 1335, 1335, 1335, 1335, 1335, 1334, 1333, 1332, 1332, 1332], ""5"": [1345, 1345, 1345, 1345, 1345, 1345, 1345, 1345, 1345, 1345, 1345, 1345, 1345, 1345, 1346, 1347, 1348, 1349, 1350, 1351, 1352, 1353, 1354, 1355, 1356, 1357, 1357, 1356, 1355, 1354, 1353, 1353, 1354, 1355, 1356, 1357, 1357, 1356, 1355, 1354, 1353, 1352, 1351, 1350, 1349, 1348, 1347, 1346, 1345, 1345, 1345, 1345, 1345, 1345, 1345, 1345, 1345, 1345, 1345, 1345, 1345, 1345, 1345, 1345, 1345, 1345, 1345, 1345, 1345, 1345, 1345, 1346, 1347, 1348, 1348, 1348, 1348, 1348, 1348, 1348, 1348, 1348, 1348, 1348, 1348, 1348, 1348, 1348, 1348, 1348, 1348, 1348, 1348, 1348, 1348, 1347, 1346, 1345, 1345, 1345], ""6"": [1358, 1358, 1358, 1358, 1358, 1358, 1358, 1358, 1358, 1358, 1358, 1358, 1358, 1358, 1359, 1360, 1361, 1362, 1363, 1364, 1365, 1366, 1367, 1368, 1369, 1370, 1370, 1369, 1368, 1367, 1366, 1366, 1367, 1368, 1369, 1370, 1370, 1369, 1368, 1367, 1366, 1365, 1364, 1363, 1362, 1361, 1360, 1359, 1358, 1358, 1358, 1358, 1358, 1358, 1358, 1358, 1358, 1358, 1358, 1358, 1358, 1358, 1358, 1358, 1358, 1358, 1358, 1358, 1358, 1358, 1358, 1359, 1360, 1361, 1361, 1361, 1361, 1361, 1361, 1361, 1361, 1361, 1361, 1361, 1361, 1361, 1361, 1361, 1361, 1361, 1361, 1361, 1361, 1361, 1361, 1360, 1359, 1358, 1358, 1358], ""7"": [1358, 1358, 1358, 1358, 1358, 1358, 1358, 1358, 1358, 1358, 1358, 1358, 1358, 1358, 1359, 1360, 1361, 1362, 1363, 1364, 1365, 1366, 1367, 1368, 1369, 1370, 1370, 1369, 1368, 1367, 1366, 1366, 1367, 1368, 1369, 1370, 1370, 1369, 1368, 1367, 1366, 1365, 1364, 1363, 1362, 1361, 1360, 1359, 1358, 1358, 1358, 1358, 1358, 1358, 1358, 1358, 1358, 1358, 1358, 1358, 1358, 1358, 1358, 1358, 1358, 1358, 1358, 1358, 1358, 1358, 1358, 1359, 1360, 1361, 1361, 1361, 1361, 1361, 1361, 1361, 1361, 1361, 1361, 1361, 1361, 1361, 1361, 1361, 1361, 1361, 1361, 1361, 1361, 1361, 1361, 1360, 1359, 1358, 1358, 1358]}",{},"frame = min(count-1, floor(count*progress/duration)); duration from atomic length",Animals/tribe_14_goats/Sheets/cr_ani_body_00__deer01/j49_A005_animal_goat_wait_s764.png,Animals/tribe_14_goats/Sheets/cr_ani_body_00__deer01/j49_A005_animal_goat_wait_s764__shadow_mask.png,"[38, 40]","[22, 23]","[0, 1, 2, 3, 4, 5, 6, 7]",RENDERED,COMPATIBLE,[],PIXEL_CONFIRMED,Animals/tribe_14_goats/adult_job49/metadata.json,Animals/tribe_14_goats/adult_job49/index.html
14,Goats,animal,49,49,adult_animal,Animal,adult,"[49, 48]",765,49,False,atomic,6,animal_goat_tame_adult_idle,100,[],,,0,,0,animal_goat_wait,animal_goat_wait,initial,0,Data\Engine2D\Bin\Bobs\CR_Ani_Body_00.bmd,Data\Engine2D\Bin\Bobs\CR_Ani_Body_00_s.bmd,,,[],deer01,,declared base palette (ordinal 0 of RNG list),[],"{""0"": [1345, 1345, 1345, 1345, 1345, 1345, 1345, 1345, 1345, 1345, 1345, 1345, 1345, 1345, 1346, 1347, 1348, 1349, 1350, 1351, 1352, 1353, 1354, 1355, 1356, 1357, 1357, 1356, 1355, 1354, 1353, 1353, 1354, 1355, 1356, 1357, 1357, 1356, 1355, 1354, 1353, 1352, 1351, 1350, 1349, 1348, 1347, 1346, 1345, 1345, 1345, 1345, 1345, 1345, 1345, 1345, 1345, 1345, 1345, 1345, 1345, 1345, 1345, 1345, 1345, 1345, 1345, 1345, 1345, 1345, 1345, 1346, 1347, 1348, 1348, 1348, 1348, 1348, 1348, 1348, 1348, 1348, 1348, 1348, 1348, 1348, 1348, 1348, 1348, 1348, 1348, 1348, 1348, 1348, 1348, 1347, 1346, 1345, 1345, 1345], ""1"": [1345, 1345, 1345, 1345, 1345, 1345, 1345, 1345, 1345, 1345, 1345, 1345, 1345, 1345, 1346, 1347, 1348, 1349, 1350, 1351, 1352, 1353, 1354, 1355, 1356, 1357, 1357, 1356, 1355, 1354, 1353, 1353, 1354, 1355, 1356, 1357, 1357, 1356, 1355, 1354, 1353, 1352, 1351, 1350, 1349, 1348, 1347, 1346, 1345, 1345, 1345, 1345, 1345, 1345, 1345, 1345, 1345, 1345, 1345, 1345, 1345, 1345, 1345, 1345, 1345, 1345, 1345, 1345, 1345, 1345, 1345, 1346, 1347, 1348, 1348, 1348, 1348, 1348, 1348, 1348, 1348, 1348, 1348, 1348, 1348, 1348, 1348, 1348, 1348, 1348, 1348, 1348, 1348, 1348, 1348, 1347, 1346, 1345, 1345, 1345], ""2"": [1332, 1332, 1332, 1332, 1332, 1332, 1332, 1332, 1332, 1332, 1332, 1332, 1332, 1332, 1333, 1334, 1335, 1336, 1337, 1338, 1339, 1340, 1341, 1342, 1343, 1344, 1344, 1343, 1342, 1341, 1340, 1340, 1341, 1342, 1343, 1344, 1344, 1343, 1342, 1341, 1340, 1339, 1338, 1337, 1336, 1335, 1334, 1333, 1332, 1332, 1332, 1332, 1332, 1332, 1332, 1332, 1332, 1332, 1332, 1332, 1332, 1332, 1332, 1332, 1332, 1332, 1332, 1332, 1332, 1332, 1332, 1333, 1334, 1335, 1335, 1335, 1335, 1335, 1335, 1335, 1335, 1335, 1335, 1335, 1335, 1335, 1335, 1335, 1335, 1335, 1335, 1335, 1335, 1335, 1335, 1334, 1333, 1332, 1332, 1332], ""3"": [1332, 1332, 1332, 1332, 1332, 1332, 1332, 1332, 1332, 1332, 1332, 1332, 1332, 1332, 1333, 1334, 1335, 1336, 1337, 1338, 1339, 1340, 1341, 1342, 1343, 1344, 1344, 1343, 1342, 1341, 1340, 1340, 1341, 1342, 1343, 1344, 1344, 1343, 1342, 1341, 1340, 1339, 1338, 1337, 1336, 1335, 1334, 1333, 1332, 1332, 1332, 1332, 1332, 1332, 1332, 1332, 1332, 1332, 1332, 1332, 1332, 1332, 1332, 1332, 1332, 1332, 1332, 1332, 1332, 1332, 1332, 1333, 1334, 1335, 1335, 1335, 1335, 1335, 1335, 1335, 1335, 1335, 1335, 1335, 1335, 1335, 1335, 1335, 1335, 1335, 1335, 1335, 1335, 1335, 1335, 1334, 1333, 1332, 1332, 1332], ""4"": [1332, 1332, 1332, 1332, 1332, 1332, 1332, 1332, 1332, 1332, 1332, 1332, 1332, 1332, 1333, 1334, 1335, 1336, 1337, 1338, 1339, 1340, 1341, 1342, 1343, 1344, 1344, 1343, 1342, 1341, 1340, 1340, 1341, 1342, 1343, 1344, 1344, 1343, 1342, 1341, 1340, 1339, 1338, 1337, 1336, 1335, 1334, 1333, 1332, 1332, 1332, 1332, 1332, 1332, 1332, 1332, 1332, 1332, 1332, 1332, 1332, 1332, 1332, 1332, 1332, 1332, 1332, 1332, 1332, 1332, 1332, 1333, 1334, 1335, 1335, 1335, 1335, 1335, 1335, 1335, 1335, 1335, 1335, 1335, 1335, 1335, 1335, 1335, 1335, 1335, 1335, 1335, 1335, 1335, 1335, 1334, 1333, 1332, 1332, 1332], ""5"": [1345, 1345, 1345, 1345, 1345, 1345, 1345, 1345, 1345, 1345, 1345, 1345, 1345, 1345, 1346, 1347, 1348, 1349, 1350, 1351, 1352, 1353, 1354, 1355, 1356, 1357, 1357, 1356, 1355, 1354, 1353, 1353, 1354, 1355, 1356, 1357, 1357, 1356, 1355, 1354, 1353, 1352, 1351, 1350, 1349, 1348, 1347, 1346, 1345, 1345, 1345, 1345, 1345, 1345, 1345, 1345, 1345, 1345, 1345, 1345, 1345, 1345, 1345, 1345, 1345, 1345, 1345, 1345, 1345, 1345, 1345, 1346, 1347, 1348, 1348, 1348, 1348, 1348, 1348, 1348, 1348, 1348, 1348, 1348, 1348, 1348, 1348, 1348, 1348, 1348, 1348, 1348, 1348, 1348, 1348, 1347, 1346, 1345, 1345, 1345], ""6"": [1358, 1358, 1358, 1358, 1358, 1358, 1358, 1358, 1358, 1358, 1358, 1358, 1358, 1358, 1359, 1360, 1361, 1362, 1363, 1364, 1365, 1366, 1367, 1368, 1369, 1370, 1370, 1369, 1368, 1367, 1366, 1366, 1367, 1368, 1369, 1370, 1370, 1369, 1368, 1367, 1366, 1365, 1364, 1363, 1362, 1361, 1360, 1359, 1358, 1358, 1358, 1358, 1358, 1358, 1358, 1358, 1358, 1358, 1358, 1358, 1358, 1358, 1358, 1358, 1358, 1358, 1358, 1358, 1358, 1358, 1358, 1359, 1360, 1361, 1361, 1361, 1361, 1361, 1361, 1361, 1361, 1361, 1361, 1361, 1361, 1361, 1361, 1361, 1361, 1361, 1361, 1361, 1361, 1361, 1361, 1360, 1359, 1358, 1358, 1358], ""7"": [1358, 1358, 1358, 1358, 1358, 1358, 1358, 1358, 1358, 1358, 1358, 1358, 1358, 1358, 1359, 1360, 1361, 1362, 1363, 1364, 1365, 1366, 1367, 1368, 1369, 1370, 1370, 1369, 1368, 1367, 1366, 1366, 1367, 1368, 1369, 1370, 1370, 1369, 1368, 1367, 1366, 1365, 1364, 1363, 1362, 1361, 1360, 1359, 1358, 1358, 1358, 1358, 1358, 1358, 1358, 1358, 1358, 1358, 1358, 1358, 1358, 1358, 1358, 1358, 1358, 1358, 1358, 1358, 1358, 1358, 1358, 1359, 1360, 1361, 1361, 1361, 1361, 1361, 1361, 1361, 1361, 1361, 1361, 1361, 1361, 1361, 1361, 1361, 1361, 1361, 1361, 1361, 1361, 1361, 1361, 1360, 1359, 1358, 1358, 1358]}",{},"frame = min(count-1, floor(count*progress/duration)); duration from atomic length",Animals/tribe_14_goats/Sheets/cr_ani_body_00__deer01/j49_A006_animal_goat_wait_s765.png,Animals/tribe_14_goats/Sheets/cr_ani_body_00__deer01/j49_A006_animal_goat_wait_s765__shadow_mask.png,"[38, 40]","[22, 23]","[0, 1, 2, 3, 4, 5, 6, 7]",RENDERED,COMPATIBLE,[],PIXEL_CONFIRMED,Animals/tribe_14_goats/adult_job49/metadata.json,Animals/tribe_14_goats/adult_job49/index.html
14,Goats,animal,49,49,adult_animal,Animal,adult,"[49, 48]",766,49,False,atomic,7,animal_goat_tame_adult_idle,100,[],,,0,,0,animal_goat_wait,animal_goat_wait,initial,0,Data\Engine2D\Bin\Bobs\CR_Ani_Body_00.bmd,Data\Engine2D\Bin\Bobs\CR_Ani_Body_00_s.bmd,,,[],deer01,,declared base palette (ordinal 0 of RNG list),[],"{""0"": [1345, 1345, 1345, 1345, 1345, 1345, 1345, 1345, 1345, 1345, 1345, 1345, 1345, 1345, 1346, 1347, 1348, 1349, 1350, 1351, 1352, 1353, 1354, 1355, 1356, 1357, 1357, 1356, 1355, 1354, 1353, 1353, 1354, 1355, 1356, 1357, 1357, 1356, 1355, 1354, 1353, 1352, 1351, 1350, 1349, 1348, 1347, 1346, 1345, 1345, 1345, 1345, 1345, 1345, 1345, 1345, 1345, 1345, 1345, 1345, 1345, 1345, 1345, 1345, 1345, 1345, 1345, 1345, 1345, 1345, 1345, 1346, 1347, 1348, 1348, 1348, 1348, 1348, 1348, 1348, 1348, 1348, 1348, 1348, 1348, 1348, 1348, 1348, 1348, 1348, 1348, 1348, 1348, 1348, 1348, 1347, 1346, 1345, 1345, 1345], ""1"": [1345, 1345, 1345, 1345, 1345, 1345, 1345, 1345, 1345, 1345, 1345, 1345, 1345, 1345, 1346, 1347, 1348, 1349, 1350, 1351, 1352, 1353, 1354, 1355, 1356, 1357, 1357, 1356, 1355, 1354, 1353, 1353, 1354, 1355, 1356, 1357, 1357, 1356, 1355, 1354, 1353, 1352, 1351, 1350, 1349, 1348, 1347, 1346, 1345, 1345, 1345, 1345, 1345, 1345, 1345, 1345, 1345, 1345, 1345, 1345, 1345, 1345, 1345, 1345, 1345, 1345, 1345, 1345, 1345, 1345, 1345, 1346, 1347, 1348, 1348, 1348, 1348, 1348, 1348, 1348, 1348, 1348, 1348, 1348, 1348, 1348, 1348, 1348, 1348, 1348, 1348, 1348, 1348, 1348, 1348, 1347, 1346, 1345, 1345, 1345], ""2"": [1332, 1332, 1332, 1332, 1332, 1332, 1332, 1332, 1332, 1332, 1332, 1332, 1332, 1332, 1333, 1334, 1335, 1336, 1337, 1338, 1339, 1340, 1341, 1342, 1343, 1344, 1344, 1343, 1342, 1341, 1340, 1340, 1341, 1342, 1343, 1344, 1344, 1343, 1342, 1341, 1340, 1339, 1338, 1337, 1336, 1335, 1334, 1333, 1332, 1332, 1332, 1332, 1332, 1332, 1332, 1332, 1332, 1332, 1332, 1332, 1332, 1332, 1332, 1332, 1332, 1332, 1332, 1332, 1332, 1332, 1332, 1333, 1334, 1335, 1335, 1335, 1335, 1335, 1335, 1335, 1335, 1335, 1335, 1335, 1335, 1335, 1335, 1335, 1335, 1335, 1335, 1335, 1335, 1335, 1335, 1334, 1333, 1332, 1332, 1332], ""3"": [1332, 1332, 1332, 1332, 1332, 1332, 1332, 1332, 1332, 1332, 1332, 1332, 1332, 1332, 1333, 1334, 1335, 1336, 1337, 1338, 1339, 1340, 1341, 1342, 1343, 1344, 1344, 1343, 1342, 1341, 1340, 1340, 1341, 1342, 1343, 1344, 1344, 1343, 1342, 1341, 1340, 1339, 1338, 1337, 1336, 1335, 1334, 1333, 1332, 1332, 1332, 1332, 1332, 1332, 1332, 1332, 1332, 1332, 1332, 1332, 1332, 1332, 1332, 1332, 1332, 1332, 1332, 1332, 1332, 1332, 1332, 1333, 1334, 1335, 1335, 1335, 1335, 1335, 1335, 1335, 1335, 1335, 1335, 1335, 1335, 1335, 1335, 1335, 1335, 1335, 1335, 1335, 1335, 1335, 1335, 1334, 1333, 1332, 1332, 1332], ""4"": [1332, 1332, 1332, 1332, 1332, 1332, 1332, 1332, 1332, 1332, 1332, 1332, 1332, 1332, 1333, 1334, 1335, 1336, 1337, 1338, 1339, 1340, 1341, 1342, 1343, 1344, 1344, 1343, 1342, 1341, 1340, 1340, 1341, 1342, 1343, 1344, 1344, 1343, 1342, 1341, 1340, 1339, 1338, 1337, 1336, 1335, 1334, 1333, 1332, 1332, 1332, 1332, 1332, 1332, 1332, 1332, 1332, 1332, 1332, 1332, 1332, 1332, 1332, 1332, 1332, 1332, 1332, 1332, 1332, 1332, 1332, 1333, 1334, 1335, 1335, 1335, 1335, 1335, 1335, 1335, 1335, 1335, 1335, 1335, 1335, 1335, 1335, 1335, 1335, 1335, 1335, 1335, 1335, 1335, 1335, 1334, 1333, 1332, 1332, 1332], ""5"": [1345, 1345, 1345, 1345, 1345, 1345, 1345, 1345, 1345, 1345, 1345, 1345, 1345, 1345, 1346, 1347, 1348, 1349, 1350, 1351, 1352, 1353, 1354, 1355, 1356, 1357, 1357, 1356, 1355, 1354, 1353, 1353, 1354, 1355, 1356, 1357, 1357, 1356, 1355, 1354, 1353, 1352, 1351, 1350, 1349, 1348, 1347, 1346, 1345, 1345, 1345, 1345, 1345, 1345, 1345, 1345, 1345, 1345, 1345, 1345, 1345, 1345, 1345, 1345, 1345, 1345, 1345, 1345, 1345, 1345, 1345, 1346, 1347, 1348, 1348, 1348, 1348, 1348, 1348, 1348, 1348, 1348, 1348, 1348, 1348, 1348, 1348, 1348, 1348, 1348, 1348, 1348, 1348, 1348, 1348, 1347, 1346, 1345, 1345, 1345], ""6"": [1358, 1358, 1358, 1358, 1358, 1358, 1358, 1358, 1358, 1358, 1358, 1358, 1358, 1358, 1359, 1360, 1361, 1362, 1363, 1364, 1365, 1366, 1367, 1368, 1369, 1370, 1370, 1369, 1368, 1367, 1366, 1366, 1367, 1368, 1369, 1370, 1370, 1369, 1368, 1367, 1366, 1365, 1364, 1363, 1362, 1361, 1360, 1359, 1358, 1358, 1358, 1358, 1358, 1358, 1358, 1358, 1358, 1358, 1358, 1358, 1358, 1358, 1358, 1358, 1358, 1358, 1358, 1358, 1358, 1358, 1358, 1359, 1360, 1361, 1361, 1361, 1361, 1361, 1361, 1361, 1361, 1361, 1361, 1361, 1361, 1361, 1361, 1361, 1361, 1361, 1361, 1361, 1361, 1361, 1361, 1360, 1359, 1358, 1358, 1358], ""7"": [1358, 1358, 1358, 1358, 1358, 1358, 1358, 1358, 1358, 1358, 1358, 1358, 1358, 1358, 1359, 1360, 1361, 1362, 1363, 1364, 1365, 1366, 1367, 1368, 1369, 1370, 1370, 1369, 1368, 1367, 1366, 1366, 1367, 1368, 1369, 1370, 1370, 1369, 1368, 1367, 1366, 1365, 1364, 1363, 1362, 1361, 1360, 1359, 1358, 1358, 1358, 1358, 1358, 1358, 1358, 1358, 1358, 1358, 1358, 1358, 1358, 1358, 1358, 1358, 1358, 1358, 1358, 1358, 1358, 1358, 1358, 1359, 1360, 1361, 1361, 1361, 1361, 1361, 1361, 1361, 1361, 1361, 1361, 1361, 1361, 1361, 1361, 1361, 1361, 1361, 1361, 1361, 1361, 1361, 1361, 1360, 1359, 1358, 1358, 1358]}",{},"frame = min(count-1, floor(count*progress/duration)); duration from atomic length",Animals/tribe_14_goats/Sheets/cr_ani_body_00__deer01/j49_A007_animal_goat_wait_s766.png,Animals/tribe_14_goats/Sheets/cr_ani_body_00__deer01/j49_A007_animal_goat_wait_s766__shadow_mask.png,"[38, 40]","[22, 23]","[0, 1, 2, 3, 4, 5, 6, 7]",RENDERED,COMPATIBLE,[],PIXEL_CONFIRMED,Animals/tribe_14_goats/adult_job49/metadata.json,Animals/tribe_14_goats/adult_job49/index.html
14,Goats,animal,49,49,adult_animal,Animal,adult,"[49, 48]",768,49,False,atomic,9,animal_bear_eat,20,[],,,0,,0,animal_goat_wait,animal_goat_wait,initial,0,Data\Engine2D\Bin\Bobs\CR_Ani_Body_00.bmd,Data\Engine2D\Bin\Bobs\CR_Ani_Body_00_s.bmd,,,[],deer01,,declared base palette (ordinal 0 of RNG list),[],"{""0"": [1345, 1345, 1345, 1345, 1345, 1345, 1345, 1345, 1345, 1345, 1345, 1345, 1345, 1345, 1346, 1347, 1348, 1349, 1350, 1351, 1352, 1353, 1354, 1355, 1356, 1357, 1357, 1356, 1355, 1354, 1353, 1353, 1354, 1355, 1356, 1357, 1357, 1356, 1355, 1354, 1353, 1352, 1351, 1350, 1349, 1348, 1347, 1346, 1345, 1345, 1345, 1345, 1345, 1345, 1345, 1345, 1345, 1345, 1345, 1345, 1345, 1345, 1345, 1345, 1345, 1345, 1345, 1345, 1345, 1345, 1345, 1346, 1347, 1348, 1348, 1348, 1348, 1348, 1348, 1348, 1348, 1348, 1348, 1348, 1348, 1348, 1348, 1348, 1348, 1348, 1348, 1348, 1348, 1348, 1348, 1347, 1346, 1345, 1345, 1345], ""1"": [1345, 1345, 1345, 1345, 1345, 1345, 1345, 1345, 1345, 1345, 1345, 1345, 1345, 1345, 1346, 1347, 1348, 1349, 1350, 1351, 1352, 1353, 1354, 1355, 1356, 1357, 1357, 1356, 1355, 1354, 1353, 1353, 1354, 1355, 1356, 1357, 1357, 1356, 1355, 1354, 1353, 1352, 1351, 1350, 1349, 1348, 1347, 1346, 1345, 1345, 1345, 1345, 1345, 1345, 1345, 1345, 1345, 1345, 1345, 1345, 1345, 1345, 1345, 1345, 1345, 1345, 1345, 1345, 1345, 1345, 1345, 1346, 1347, 1348, 1348, 1348, 1348, 1348, 1348, 1348, 1348, 1348, 1348, 1348, 1348, 1348, 1348, 1348, 1348, 1348, 1348, 1348, 1348, 1348, 1348, 1347, 1346, 1345, 1345, 1345], ""2"": [1332, 1332, 1332, 1332, 1332, 1332, 1332, 1332, 1332, 1332, 1332, 1332, 1332, 1332, 1333, 1334, 1335, 1336, 1337, 1338, 1339, 1340, 1341, 1342, 1343, 1344, 1344, 1343, 1342, 1341, 1340, 1340, 1341, 1342, 1343, 1344, 1344, 1343, 1342, 1341, 1340, 1339, 1338, 1337, 1336, 1335, 1334, 1333, 1332, 1332, 1332, 1332, 1332, 1332, 1332, 1332, 1332, 1332, 1332, 1332, 1332, 1332, 1332, 1332, 1332, 1332, 1332, 1332, 1332, 1332, 1332, 1333, 1334, 1335, 1335, 1335, 1335, 1335, 1335, 1335, 1335, 1335, 1335, 1335, 1335, 1335, 1335, 1335, 1335, 1335, 1335, 1335, 1335, 1335, 1335, 1334, 1333, 1332, 1332, 1332], ""3"": [1332, 1332, 1332, 1332, 1332, 1332, 1332, 1332, 1332, 1332, 1332, 1332, 1332, 1332, 1333, 1334, 1335, 1336, 1337, 1338, 1339, 1340, 1341, 1342, 1343, 1344, 1344, 1343, 1342, 1341, 1340, 1340, 1341, 1342, 1343, 1344, 1344, 1343, 1342, 1341, 1340, 1339, 1338, 1337, 1336, 1335, 1334, 1333, 1332, 1332, 1332, 1332, 1332, 1332, 1332, 1332, 1332, 1332, 1332, 1332, 1332, 1332, 1332, 1332, 1332, 1332, 1332, 1332, 1332, 1332, 1332, 1333, 1334, 1335, 1335, 1335, 1335, 1335, 1335, 1335, 1335, 1335, 1335, 1335, 1335, 1335, 1335, 1335, 1335, 1335, 1335, 1335, 1335, 1335, 1335, 1334, 1333, 1332, 1332, 1332], ""4"": [1332, 1332, 1332, 1332, 1332, 1332, 1332, 1332, 1332, 1332, 1332, 1332, 1332, 1332, 1333, 1334, 1335, 1336, 1337, 1338, 1339, 1340, 1341, 1342, 1343, 1344, 1344, 1343, 1342, 1341, 1340, 1340, 1341, 1342, 1343, 1344, 1344, 1343, 1342, 1341, 1340, 1339, 1338, 1337, 1336, 1335, 1334, 1333, 1332, 1332, 1332, 1332, 1332, 1332, 1332, 1332, 1332, 1332, 1332, 1332, 1332, 1332, 1332, 1332, 1332, 1332, 1332, 1332, 1332, 1332, 1332, 1333, 1334, 1335, 1335, 1335, 1335, 1335, 1335, 1335, 1335, 1335, 1335, 1335, 1335, 1335, 1335, 1335, 1335, 1335, 1335, 1335, 1335, 1335, 1335, 1334, 1333, 1332, 1332, 1332], ""5"": [1345, 1345, 1345, 1345, 1345, 1345, 1345, 1345, 1345, 1345, 1345, 1345, 1345, 1345, 1346, 1347, 1348, 1349, 1350, 1351, 1352, 1353, 1354, 1355, 1356, 1357, 1357, 1356, 1355, 1354, 1353, 1353, 1354, 1355, 1356, 1357, 1357, 1356, 1355, 1354, 1353, 1352, 1351, 1350, 1349, 1348, 1347, 1346, 1345, 1345, 1345, 1345, 1345, 1345, 1345, 1345, 1345, 1345, 1345, 1345, 1345, 1345, 1345, 1345, 1345, 1345, 1345, 1345, 1345, 1345, 1345, 1346, 1347, 1348, 1348, 1348, 1348, 1348, 1348, 1348, 1348, 1348, 1348, 1348, 1348, 1348, 1348, 1348, 1348, 1348, 1348, 1348, 1348, 1348, 1348, 1347, 1346, 1345, 1345, 1345], ""6"": [1358, 1358, 1358, 1358, 1358, 1358, 1358, 1358, 1358, 1358, 1358, 1358, 1358, 1358, 1359, 1360, 1361, 1362, 1363, 1364, 1365, 1366, 1367, 1368, 1369, 1370, 1370, 1369, 1368, 1367, 1366, 1366, 1367, 1368, 1369, 1370, 1370, 1369, 1368, 1367, 1366, 1365, 1364, 1363, 1362, 1361, 1360, 1359, 1358, 1358, 1358, 1358, 1358, 1358, 1358, 1358, 1358, 1358, 1358, 1358, 1358, 1358, 1358, 1358, 1358, 1358, 1358, 1358, 1358, 1358, 1358, 1359, 1360, 1361, 1361, 1361, 1361, 1361, 1361, 1361, 1361, 1361, 1361, 1361, 1361, 1361, 1361, 1361, 1361, 1361, 1361, 1361, 1361, 1361, 1361, 1360, 1359, 1358, 1358, 1358], ""7"": [1358, 1358, 1358, 1358, 1358, 1358, 1358, 1358, 1358, 1358, 1358, 1358, 1358, 1358, 1359, 1360, 1361, 1362, 1363, 1364, 1365, 1366, 1367, 1368, 1369, 1370, 1370, 1369, 1368, 1367, 1366, 1366, 1367, 1368, 1369, 1370, 1370, 1369, 1368, 1367, 1366, 1365, 1364, 1363, 1362, 1361, 1360, 1359, 1358, 1358, 1358, 1358, 1358, 1358, 1358, 1358, 1358, 1358, 1358, 1358, 1358, 1358, 1358, 1358, 1358, 1358, 1358, 1358, 1358, 1358, 1358, 1359, 1360, 1361, 1361, 1361, 1361, 1361, 1361, 1361, 1361, 1361, 1361, 1361, 1361, 1361, 1361, 1361, 1361, 1361, 1361, 1361, 1361, 1361, 1361, 1360, 1359, 1358, 1358, 1358]}",{},"frame = min(count-1, floor(count*progress/duration)); duration from atomic length",Animals/tribe_14_goats/Sheets/cr_ani_body_00__deer01/j49_A009_animal_goat_wait_s768.png,Animals/tribe_14_goats/Sheets/cr_ani_body_00__deer01/j49_A009_animal_goat_wait_s768__shadow_mask.png,"[38, 40]","[22, 23]","[0, 1, 2, 3, 4, 5, 6, 7]",RENDERED,COMPATIBLE,[],PIXEL_CONFIRMED,Animals/tribe_14_goats/adult_job49/metadata.json,Animals/tribe_14_goats/adult_job49/index.html
14,Goats,animal,49,49,adult_animal,Animal,adult,"[49, 48]",1526,49,False,walk,,,,[],0,,,100000,0,animal_goat_walk,animal_goat_walk,initial,0,Data\Engine2D\Bin\Bobs\CR_Ani_Body_00.bmd,Data\Engine2D\Bin\Bobs\CR_Ani_Body_00_s.bmd,,,[],deer01,,declared base palette (ordinal 0 of RNG list),[],"{""0"": [1419, 1420, 1421, 1422, 1423, 1424, 1425, 1426, 1427, 1428, 1429, 1430], ""1"": [1431, 1432, 1433, 1434, 1435, 1436, 1437, 1438, 1439, 1440, 1441, 1442], ""2"": [1371, 1372, 1373, 1374, 1375, 1376, 1377, 1378, 1379, 1380, 1381, 1382], ""3"": [1383, 1384, 1385, 1386, 1387, 1388, 1389, 1390, 1391, 1392, 1393, 1394], ""4"": [1395, 1396, 1397, 1398, 1399, 1400, 1401, 1402, 1403, 1404, 1405, 1406], ""5"": [1407, 1408, 1409, 1410, 1411, 1412, 1413, 1414, 1415, 1416, 1417, 1418], ""6"": [1455, 1456, 1457, 1458, 1459, 1460, 1461, 1462, 1463, 1464, 1465, 1466], ""7"": [1443, 1444, 1445, 1446, 1447, 1448, 1449, 1450, 1451, 1452, 1453, 1454]}",{},frame = frameTick % count (walk; caller frame tick),Animals/tribe_14_goats/Sheets/cr_ani_body_00__deer01/j49_W000_animal_goat_walk_s1526.png,Animals/tribe_14_goats/Sheets/cr_ani_body_00__deer01/j49_W000_animal_goat_walk_s1526__shadow_mask.png,"[46, 48]","[27, 32]","[0, 1, 2, 3, 4, 5, 6, 7]",RENDERED,COMPATIBLE,[],PIXEL_CONFIRMED,Animals/tribe_14_goats/adult_job49/metadata.json,Animals/tribe_14_goats/adult_job49/index.html
16,Rabbits,animal,48,48,baby_animal,Young Animal,young,[48],352,48,False,atomic,2,animal_rabbit_baby_idle,30,[],,,0,,0,animal_rabbit_walk,animal_rabbit_walk,initial,0,Data\Engine2D\Bin\Bobs\CR_Ani_Body_00.bmd,Data\Engine2D\Bin\Bobs\CR_Ani_Body_00_s.bmd,,,[],house01,,declared base palette (ordinal 0 of RNG list),[],"{""0"": [2463], ""1"": [2471], ""2"": [2431], ""3"": [2439], ""4"": [2447], ""5"": [2455], ""6"": [2487], ""7"": [2479]}",{},"frame = min(count-1, floor(count*progress/duration)); duration from atomic length",Animals/tribe_16_hares/Sheets/cr_ani_body_00__house01/j48_A002_animal_rabbit_walk_s352.png,Animals/tribe_16_hares/Sheets/cr_ani_body_00__house01/j48_A002_animal_rabbit_walk_s352__shadow_mask.png,"[22, 22]","[15, 14]","[0, 1, 2, 3, 4, 5, 6, 7]",RENDERED,COMPATIBLE,[],PIXEL_CONFIRMED,Animals/tribe_16_hares/young_job48/metadata.json,Animals/tribe_16_hares/young_job48/index.html
16,Rabbits,animal,48,48,baby_animal,Young Animal,young,[48],351,48,False,atomic,3,animal_rabbit_baby_idle,30,[],,,0,,0,animal_rabbit_walk,animal_rabbit_walk,initial,0,Data\Engine2D\Bin\Bobs\CR_Ani_Body_00.bmd,Data\Engine2D\Bin\Bobs\CR_Ani_Body_00_s.bmd,,,[],house01,,declared base palette (ordinal 0 of RNG list),[],"{""0"": [2463], ""1"": [2471], ""2"": [2431], ""3"": [2439], ""4"": [2447], ""5"": [2455], ""6"": [2487], ""7"": [2479]}",{},"frame = min(count-1, floor(count*progress/duration)); duration from atomic length",Animals/tribe_16_hares/Sheets/cr_ani_body_00__house01/j48_A003_animal_rabbit_walk_s351.png,Animals/tribe_16_hares/Sheets/cr_ani_body_00__house01/j48_A003_animal_rabbit_walk_s351__shadow_mask.png,"[22, 22]","[15, 14]","[0, 1, 2, 3, 4, 5, 6, 7]",RENDERED,COMPATIBLE,[],PIXEL_CONFIRMED,Animals/tribe_16_hares/young_job48/metadata.json,Animals/tribe_16_hares/young_job48/index.html
16,Rabbits,animal,48,48,baby_animal,Young Animal,young,[48],350,48,False,atomic,4,animal_rabbit_baby_idle,30,[],,,0,,0,animal_rabbit_walk,animal_rabbit_walk,initial,0,Data\Engine2D\Bin\Bobs\CR_Ani_Body_00.bmd,Data\Engine2D\Bin\Bobs\CR_Ani_Body_00_s.bmd,,,[],house01,,declared base palette (ordinal 0 of RNG list),[],"{""0"": [2463], ""1"": [2471], ""2"": [2431], ""3"": [2439], ""4"": [2447], ""5"": [2455], ""6"": [2487], ""7"": [2479]}",{},"frame = min(count-1, floor(count*progress/duration)); duration from atomic length",Animals/tribe_16_hares/Sheets/cr_ani_body_00__house01/j48_A004_animal_rabbit_walk_s350.png,Animals/tribe_16_hares/Sheets/cr_ani_body_00__house01/j48_A004_animal_rabbit_walk_s350__shadow_mask.png,"[22, 22]","[15, 14]","[0, 1, 2, 3, 4, 5, 6, 7]",RENDERED,COMPATIBLE,[],PIXEL_CONFIRMED,Animals/tribe_16_hares/young_job48/metadata.json,Animals/tribe_16_hares/young_job48/index.html
16,Rabbits,animal,48,48,baby_animal,Young Animal,young,[48],347,48,False,atomic,5,animal_rabbit_baby_idle,30,[],,,0,,0,animal_rabbit_walk,animal_rabbit_walk,initial,0,Data\Engine2D\Bin\Bobs\CR_Ani_Body_00.bmd,Data\Engine2D\Bin\Bobs\CR_Ani_Body_00_s.bmd,,,[],house01,,declared base palette (ordinal 0 of RNG list),[],"{""0"": [2463], ""1"": [2471], ""2"": [2431], ""3"": [2439], ""4"": [2447], ""5"": [2455], ""6"": [2487], ""7"": [2479]}",{},"frame = min(count-1, floor(count*progress/duration)); duration from atomic length",Animals/tribe_16_hares/Sheets/cr_ani_body_00__house01/j48_A005_animal_rabbit_walk_s347.png,Animals/tribe_16_hares/Sheets/cr_ani_body_00__house01/j48_A005_animal_rabbit_walk_s347__shadow_mask.png,"[22, 22]","[15, 14]","[0, 1, 2, 3, 4, 5, 6, 7]",RENDERED,COMPATIBLE,[],PIXEL_CONFIRMED,Animals/tribe_16_hares/young_job48/metadata.json,Animals/tribe_16_hares/young_job48/index.html
16,Rabbits,animal,48,48,baby_animal,Young Animal,young,[48],348,48,False,atomic,6,animal_rabbit_baby_idle,30,[],,,0,,0,animal_rabbit_walk,animal_rabbit_walk,initial,0,Data\Engine2D\Bin\Bobs\CR_Ani_Body_00.bmd,Data\Engine2D\Bin\Bobs\CR_Ani_Body_00_s.bmd,,,[],house01,,declared base palette (ordinal 0 of RNG list),[],"{""0"": [2463], ""1"": [2471], ""2"": [2431], ""3"": [2439], ""4"": [2447], ""5"": [2455], ""6"": [2487], ""7"": [2479]}",{},"frame = min(count-1, floor(count*progress/duration)); duration from atomic length",Animals/tribe_16_hares/Sheets/cr_ani_body_00__house01/j48_A006_animal_rabbit_walk_s348.png,Animals/tribe_16_hares/Sheets/cr_ani_body_00__house01/j48_A006_animal_rabbit_walk_s348__shadow_mask.png,"[22, 22]","[15, 14]","[0, 1, 2, 3, 4, 5, 6, 7]",RENDERED,COMPATIBLE,[],PIXEL_CONFIRMED,Animals/tribe_16_hares/young_job48/metadata.json,Animals/tribe_16_hares/young_job48/index.html
16,Rabbits,animal,48,48,baby_animal,Young Animal,young,[48],349,48,False,atomic,7,animal_rabbit_baby_idle,30,[],,,0,,0,animal_rabbit_walk,animal_rabbit_walk,initial,0,Data\Engine2D\Bin\Bobs\CR_Ani_Body_00.bmd,Data\Engine2D\Bin\Bobs\CR_Ani_Body_00_s.bmd,,,[],house01,,declared base palette (ordinal 0 of RNG list),[],"{""0"": [2463], ""1"": [2471], ""2"": [2431], ""3"": [2439], ""4"": [2447], ""5"": [2455], ""6"": [2487], ""7"": [2479]}",{},"frame = min(count-1, floor(count*progress/duration)); duration from atomic length",Animals/tribe_16_hares/Sheets/cr_ani_body_00__house01/j48_A007_animal_rabbit_walk_s349.png,Animals/tribe_16_hares/Sheets/cr_ani_body_00__house01/j48_A007_animal_rabbit_walk_s349__shadow_mask.png,"[22, 22]","[15, 14]","[0, 1, 2, 3, 4, 5, 6, 7]",RENDERED,COMPATIBLE,[],PIXEL_CONFIRMED,Animals/tribe_16_hares/young_job48/metadata.json,Animals/tribe_16_hares/young_job48/index.html
16,Rabbits,animal,48,48,baby_animal,Young Animal,young,[48],353,48,False,atomic,9,animal_bear_eat,20,[],,,0,,0,animal_rabbit_walk,animal_rabbit_walk,initial,0,Data\Engine2D\Bin\Bobs\CR_Ani_Body_00.bmd,Data\Engine2D\Bin\Bobs\CR_Ani_Body_00_s.bmd,,,[],house01,,declared base palette (ordinal 0 of RNG list),[],"{""0"": [2463], ""1"": [2471], ""2"": [2431], ""3"": [2439], ""4"": [2447], ""5"": [2455], ""6"": [2487], ""7"": [2479]}",{},"frame = min(count-1, floor(count*progress/duration)); duration from atomic length",Animals/tribe_16_hares/Sheets/cr_ani_body_00__house01/j48_A009_animal_rabbit_walk_s353.png,Animals/tribe_16_hares/Sheets/cr_ani_body_00__house01/j48_A009_animal_rabbit_walk_s353__shadow_mask.png,"[22, 22]","[15, 14]","[0, 1, 2, 3, 4, 5, 6, 7]",RENDERED,COMPATIBLE,[],PIXEL_CONFIRMED,Animals/tribe_16_hares/young_job48/metadata.json,Animals/tribe_16_hares/young_job48/index.html
16,Rabbits,animal,48,48,baby_animal,Young Animal,young,[48],1135,48,False,walk,,,,[],0,,,100000,0,animal_rabbit_walk,animal_rabbit_walk,initial,0,Data\Engine2D\Bin\Bobs\CR_Ani_Body_00.bmd,Data\Engine2D\Bin\Bobs\CR_Ani_Body_00_s.bmd,,,[],house01,,declared base palette (ordinal 0 of RNG list),[],"{""0"": [2463, 2464, 2465, 2466, 2467, 2468, 2469, 2470], ""1"": [2471, 2472, 2473, 2474, 2475, 2476, 2477, 2478], ""2"": [2431, 2432, 2433, 2434, 2435, 2436, 2437, 2438], ""3"": [2439, 2440, 2441, 2442, 2443, 2444, 2445, 2446], ""4"": [2447, 2448, 2449, 2450, 2451, 2452, 2453, 2454], ""5"": [2455, 2456, 2457, 2458, 2459, 2460, 2461, 2462], ""6"": [2487, 2488, 2489, 2490, 2491, 2492, 2493, 2494], ""7"": [2479, 2480, 2481, 2482, 2483, 2484, 2485, 2486]}",{},frame = frameTick % count (walk; caller frame tick),Animals/tribe_16_hares/Sheets/cr_ani_body_00__house01/j48_W000_animal_rabbit_walk_s1135.png,Animals/tribe_16_hares/Sheets/cr_ani_body_00__house01/j48_W000_animal_rabbit_walk_s1135__shadow_mask.png,"[40, 34]","[24, 20]","[0, 1, 2, 3, 4, 5, 6, 7]",RENDERED,COMPATIBLE,[],PIXEL_CONFIRMED,Animals/tribe_16_hares/young_job48/metadata.json,Animals/tribe_16_hares/young_job48/index.html
16,Rabbits,animal,49,49,adult_animal,Animal,adult,"[49, 48]",343,49,False,atomic,2,animal_rabbit_adult_idle,30,[],,,0,,0,animal_rabbit_walk,animal_rabbit_walk,initial,0,Data\Engine2D\Bin\Bobs\CR_Ani_Body_00.bmd,Data\Engine2D\Bin\Bobs\CR_Ani_Body_00_s.bmd,,,[],house01,,declared base palette (ordinal 0 of RNG list),[],"{""0"": [2463], ""1"": [2471], ""2"": [2431], ""3"": [2439], ""4"": [2447], ""5"": [2455], ""6"": [2487], ""7"": [2479]}",{},"frame = min(count-1, floor(count*progress/duration)); duration from atomic length",Animals/tribe_16_hares/Sheets/cr_ani_body_00__house01/j49_A002_animal_rabbit_walk_s343.png,Animals/tribe_16_hares/Sheets/cr_ani_body_00__house01/j49_A002_animal_rabbit_walk_s343__shadow_mask.png,"[22, 22]","[15, 14]","[0, 1, 2, 3, 4, 5, 6, 7]",RENDERED,COMPATIBLE,[],PIXEL_CONFIRMED,Animals/tribe_16_hares/adult_job49/metadata.json,Animals/tribe_16_hares/adult_job49/index.html
16,Rabbits,animal,49,49,adult_animal,Animal,adult,"[49, 48]",344,49,False,atomic,3,animal_rabbit_adult_idle,30,[],,,0,,0,animal_rabbit_walk,animal_rabbit_walk,initial,0,Data\Engine2D\Bin\Bobs\CR_Ani_Body_00.bmd,Data\Engine2D\Bin\Bobs\CR_Ani_Body_00_s.bmd,,,[],house01,,declared base palette (ordinal 0 of RNG list),[],"{""0"": [2463], ""1"": [2471], ""2"": [2431], ""3"": [2439], ""4"": [2447], ""5"": [2455], ""6"": [2487], ""7"": [2479]}",{},"frame = min(count-1, floor(count*progress/duration)); duration from atomic length",Animals/tribe_16_hares/Sheets/cr_ani_body_00__house01/j49_A003_animal_rabbit_walk_s344.png,Animals/tribe_16_hares/Sheets/cr_ani_body_00__house01/j49_A003_animal_rabbit_walk_s344__shadow_mask.png,"[22, 22]","[15, 14]","[0, 1, 2, 3, 4, 5, 6, 7]",RENDERED,COMPATIBLE,[],PIXEL_CONFIRMED,Animals/tribe_16_hares/adult_job49/metadata.json,Animals/tribe_16_hares/adult_job49/index.html
16,Rabbits,animal,49,49,adult_animal,Animal,adult,"[49, 48]",345,49,False,atomic,4,animal_rabbit_adult_idle,30,[],,,0,,0,animal_rabbit_walk,animal_rabbit_walk,initial,0,Data\Engine2D\Bin\Bobs\CR_Ani_Body_00.bmd,Data\Engine2D\Bin\Bobs\CR_Ani_Body_00_s.bmd,,,[],house01,,declared base palette (ordinal 0 of RNG list),[],"{""0"": [2463], ""1"": [2471], ""2"": [2431], ""3"": [2439], ""4"": [2447], ""5"": [2455], ""6"": [2487], ""7"": [2479]}",{},"frame = min(count-1, floor(count*progress/duration)); duration from atomic length",Animals/tribe_16_hares/Sheets/cr_ani_body_00__house01/j49_A004_animal_rabbit_walk_s345.png,Animals/tribe_16_hares/Sheets/cr_ani_body_00__house01/j49_A004_animal_rabbit_walk_s345__shadow_mask.png,"[22, 22]","[15, 14]","[0, 1, 2, 3, 4, 5, 6, 7]",RENDERED,COMPATIBLE,[],PIXEL_CONFIRMED,Animals/tribe_16_hares/adult_job49/metadata.json,Animals/tribe_16_hares/adult_job49/index.html
16,Rabbits,animal,49,49,adult_animal,Animal,adult,"[49, 48]",340,49,False,atomic,5,animal_rabbit_adult_idle,30,[],,,0,,0,animal_rabbit_walk,animal_rabbit_walk,initial,0,Data\Engine2D\Bin\Bobs\CR_Ani_Body_00.bmd,Data\Engine2D\Bin\Bobs\CR_Ani_Body_00_s.bmd,,,[],house01,,declared base palette (ordinal 0 of RNG list),[],"{""0"": [2463], ""1"": [2471], ""2"": [2431], ""3"": [2439], ""4"": [2447], ""5"": [2455], ""6"": [2487], ""7"": [2479]}",{},"frame = min(count-1, floor(count*progress/duration)); duration from atomic length",Animals/tribe_16_hares/Sheets/cr_ani_body_00__house01/j49_A005_animal_rabbit_walk_s340.png,Animals/tribe_16_hares/Sheets/cr_ani_body_00__house01/j49_A005_animal_rabbit_walk_s340__shadow_mask.png,"[22, 22]","[15, 14]","[0, 1, 2, 3, 4, 5, 6, 7]",RENDERED,COMPATIBLE,[],PIXEL_CONFIRMED,Animals/tribe_16_hares/adult_job49/metadata.json,Animals/tribe_16_hares/adult_job49/index.html
16,Rabbits,animal,49,49,adult_animal,Animal,adult,"[49, 48]",341,49,False,atomic,6,animal_rabbit_adult_idle,30,[],,,0,,0,animal_rabbit_walk,animal_rabbit_walk,initial,0,Data\Engine2D\Bin\Bobs\CR_Ani_Body_00.bmd,Data\Engine2D\Bin\Bobs\CR_Ani_Body_00_s.bmd,,,[],house01,,declared base palette (ordinal 0 of RNG list),[],"{""0"": [2463], ""1"": [2471], ""2"": [2431], ""3"": [2439], ""4"": [2447], ""5"": [2455], ""6"": [2487], ""7"": [2479]}",{},"frame = min(count-1, floor(count*progress/duration)); duration from atomic length",Animals/tribe_16_hares/Sheets/cr_ani_body_00__house01/j49_A006_animal_rabbit_walk_s341.png,Animals/tribe_16_hares/Sheets/cr_ani_body_00__house01/j49_A006_animal_rabbit_walk_s341__shadow_mask.png,"[22, 22]","[15, 14]","[0, 1, 2, 3, 4, 5, 6, 7]",RENDERED,COMPATIBLE,[],PIXEL_CONFIRMED,Animals/tribe_16_hares/adult_job49/metadata.json,Animals/tribe_16_hares/adult_job49/index.html
16,Rabbits,animal,49,49,adult_animal,Animal,adult,"[49, 48]",342,49,False,atomic,7,animal_rabbit_adult_idle,30,[],,,0,,0,animal_rabbit_walk,animal_rabbit_walk,initial,0,Data\Engine2D\Bin\Bobs\CR_Ani_Body_00.bmd,Data\Engine2D\Bin\Bobs\CR_Ani_Body_00_s.bmd,,,[],house01,,declared base palette (ordinal 0 of RNG list),[],"{""0"": [2463], ""1"": [2471], ""2"": [2431], ""3"": [2439], ""4"": [2447], ""5"": [2455], ""6"": [2487], ""7"": [2479]}",{},"frame = min(count-1, floor(count*progress/duration)); duration from atomic length",Animals/tribe_16_hares/Sheets/cr_ani_body_00__house01/j49_A007_animal_rabbit_walk_s342.png,Animals/tribe_16_hares/Sheets/cr_ani_body_00__house01/j49_A007_animal_rabbit_walk_s342__shadow_mask.png,"[22, 22]","[15, 14]","[0, 1, 2, 3, 4, 5, 6, 7]",RENDERED,COMPATIBLE,[],PIXEL_CONFIRMED,Animals/tribe_16_hares/adult_job49/metadata.json,Animals/tribe_16_hares/adult_job49/index.html
16,Rabbits,animal,49,49,adult_animal,Animal,adult,"[49, 48]",346,49,False,atomic,9,animal_bear_eat,20,[],,,0,,0,animal_rabbit_walk,animal_rabbit_walk,initial,0,Data\Engine2D\Bin\Bobs\CR_Ani_Body_00.bmd,Data\Engine2D\Bin\Bobs\CR_Ani_Body_00_s.bmd,,,[],house01,,declared base palette (ordinal 0 of RNG list),[],"{""0"": [2463], ""1"": [2471], ""2"": [2431], ""3"": [2439], ""4"": [2447], ""5"": [2455], ""6"": [2487], ""7"": [2479]}",{},"frame = min(count-1, floor(count*progress/duration)); duration from atomic length",Animals/tribe_16_hares/Sheets/cr_ani_body_00__house01/j49_A009_animal_rabbit_walk_s346.png,Animals/tribe_16_hares/Sheets/cr_ani_body_00__house01/j49_A009_animal_rabbit_walk_s346__shadow_mask.png,"[22, 22]","[15, 14]","[0, 1, 2, 3, 4, 5, 6, 7]",RENDERED,COMPATIBLE,[],PIXEL_CONFIRMED,Animals/tribe_16_hares/adult_job49/metadata.json,Animals/tribe_16_hares/adult_job49/index.html
16,Rabbits,animal,49,49,adult_animal,Animal,adult,"[49, 48]",1134,49,False,walk,,,,[],0,,,100000,0,animal_rabbit_walk,animal_rabbit_walk,initial,0,Data\Engine2D\Bin\Bobs\CR_Ani_Body_00.bmd,Data\Engine2D\Bin\Bobs\CR_Ani_Body_00_s.bmd,,,[],house01,,declared base palette (ordinal 0 of RNG list),[],"{""0"": [2463, 2464, 2465, 2466, 2467, 2468, 2469, 2470], ""1"": [2471, 2472, 2473, 2474, 2475, 2476, 2477, 2478], ""2"": [2431, 2432, 2433, 2434, 2435, 2436, 2437, 2438], ""3"": [2439, 2440, 2441, 2442, 2443, 2444, 2445, 2446], ""4"": [2447, 2448, 2449, 2450, 2451, 2452, 2453, 2454], ""5"": [2455, 2456, 2457, 2458, 2459, 2460, 2461, 2462], ""6"": [2487, 2488, 2489, 2490, 2491, 2492, 2493, 2494], ""7"": [2479, 2480, 2481, 2482, 2483, 2484, 2485, 2486]}",{},frame = frameTick % count (walk; caller frame tick),Animals/tribe_16_hares/Sheets/cr_ani_body_00__house01/j49_W000_animal_rabbit_walk_s1134.png,Animals/tribe_16_hares/Sheets/cr_ani_body_00__house01/j49_W000_animal_rabbit_walk_s1134__shadow_mask.png,"[40, 34]","[24, 20]","[0, 1, 2, 3, 4, 5, 6, 7]",RENDERED,COMPATIBLE,[],PIXEL_CONFIRMED,Animals/tribe_16_hares/adult_job49/metadata.json,Animals/tribe_16_hares/adult_job49/index.html
17,Blue Hares,animal,48,48,baby_animal,Young Animal,young,[48],366,48,False,atomic,2,animal_rabbit_baby_idle,30,[],,,0,,0,animal_rabbit_walk,animal_rabbit_walk,initial,0,Data\Engine2D\Bin\Bobs\CR_Ani_Body_00.bmd,Data\Engine2D\Bin\Bobs\CR_Ani_Body_00_s.bmd,,,[],house01,,declared base palette (ordinal 0 of RNG list),[],"{""0"": [2463], ""1"": [2471], ""2"": [2431], ""3"": [2439], ""4"": [2447], ""5"": [2455], ""6"": [2487], ""7"": [2479]}",{},"frame = min(count-1, floor(count*progress/duration)); duration from atomic length",Animals/tribe_17_rabbits/Sheets/cr_ani_body_00__house01/j48_A002_animal_rabbit_walk_s366.png,Animals/tribe_17_rabbits/Sheets/cr_ani_body_00__house01/j48_A002_animal_rabbit_walk_s366__shadow_mask.png,"[22, 22]","[15, 14]","[0, 1, 2, 3, 4, 5, 6, 7]",RENDERED,COMPATIBLE,[],PIXEL_CONFIRMED,Animals/tribe_17_rabbits/young_job48/metadata.json,Animals/tribe_17_rabbits/young_job48/index.html
17,Blue Hares,animal,48,48,baby_animal,Young Animal,young,[48],365,48,False,atomic,3,animal_rabbit_baby_idle,30,[],,,0,,0,animal_rabbit_walk,animal_rabbit_walk,initial,0,Data\Engine2D\Bin\Bobs\CR_Ani_Body_00.bmd,Data\Engine2D\Bin\Bobs\CR_Ani_Body_00_s.bmd,,,[],house01,,declared base palette (ordinal 0 of RNG list),[],"{""0"": [2463], ""1"": [2471], ""2"": [2431], ""3"": [2439], ""4"": [2447], ""5"": [2455], ""6"": [2487], ""7"": [2479]}",{},"frame = min(count-1, floor(count*progress/duration)); duration from atomic length",Animals/tribe_17_rabbits/Sheets/cr_ani_body_00__house01/j48_A003_animal_rabbit_walk_s365.png,Animals/tribe_17_rabbits/Sheets/cr_ani_body_00__house01/j48_A003_animal_rabbit_walk_s365__shadow_mask.png,"[22, 22]","[15, 14]","[0, 1, 2, 3, 4, 5, 6, 7]",RENDERED,COMPATIBLE,[],PIXEL_CONFIRMED,Animals/tribe_17_rabbits/young_job48/metadata.json,Animals/tribe_17_rabbits/young_job48/index.html
17,Blue Hares,animal,48,48,baby_animal,Young Animal,young,[48],364,48,False,atomic,4,animal_rabbit_baby_idle,30,[],,,0,,0,animal_rabbit_walk,animal_rabbit_walk,initial,0,Data\Engine2D\Bin\Bobs\CR_Ani_Body_00.bmd,Data\Engine2D\Bin\Bobs\CR_Ani_Body_00_s.bmd,,,[],house01,,declared base palette (ordinal 0 of RNG list),[],"{""0"": [2463], ""1"": [2471], ""2"": [2431], ""3"": [2439], ""4"": [2447], ""5"": [2455], ""6"": [2487], ""7"": [2479]}",{},"frame = min(count-1, floor(count*progress/duration)); duration from atomic length",Animals/tribe_17_rabbits/Sheets/cr_ani_body_00__house01/j48_A004_animal_rabbit_walk_s364.png,Animals/tribe_17_rabbits/Sheets/cr_ani_body_00__house01/j48_A004_animal_rabbit_walk_s364__shadow_mask.png,"[22, 22]","[15, 14]","[0, 1, 2, 3, 4, 5, 6, 7]",RENDERED,COMPATIBLE,[],PIXEL_CONFIRMED,Animals/tribe_17_rabbits/young_job48/metadata.json,Animals/tribe_17_rabbits/young_job48/index.html
17,Blue Hares,animal,48,48,baby_animal,Young Animal,young,[48],361,48,False,atomic,5,animal_rabbit_baby_idle,30,[],,,0,,0,animal_rabbit_walk,animal_rabbit_walk,initial,0,Data\Engine2D\Bin\Bobs\CR_Ani_Body_00.bmd,Data\Engine2D\Bin\Bobs\CR_Ani_Body_00_s.bmd,,,[],house01,,declared base palette (ordinal 0 of RNG list),[],"{""0"": [2463], ""1"": [2471], ""2"": [2431], ""3"": [2439], ""4"": [2447], ""5"": [2455], ""6"": [2487], ""7"": [2479]}",{},"frame = min(count-1, floor(count*progress/duration)); duration from atomic length",Animals/tribe_17_rabbits/Sheets/cr_ani_body_00__house01/j48_A005_animal_rabbit_walk_s361.png,Animals/tribe_17_rabbits/Sheets/cr_ani_body_00__house01/j48_A005_animal_rabbit_walk_s361__shadow_mask.png,"[22, 22]","[15, 14]","[0, 1, 2, 3, 4, 5, 6, 7]",RENDERED,COMPATIBLE,[],PIXEL_CONFIRMED,Animals/tribe_17_rabbits/young_job48/metadata.json,Animals/tribe_17_rabbits/young_job48/index.html
17,Blue Hares,animal,48,48,baby_animal,Young Animal,young,[48],362,48,False,atomic,6,animal_rabbit_baby_idle,30,[],,,0,,0,animal_rabbit_walk,animal_rabbit_walk,initial,0,Data\Engine2D\Bin\Bobs\CR_Ani_Body_00.bmd,Data\Engine2D\Bin\Bobs\CR_Ani_Body_00_s.bmd,,,[],house01,,declared base palette (ordinal 0 of RNG list),[],"{""0"": [2463], ""1"": [2471], ""2"": [2431], ""3"": [2439], ""4"": [2447], ""5"": [2455], ""6"": [2487], ""7"": [2479]}",{},"frame = min(count-1, floor(count*progress/duration)); duration from atomic length",Animals/tribe_17_rabbits/Sheets/cr_ani_body_00__house01/j48_A006_animal_rabbit_walk_s362.png,Animals/tribe_17_rabbits/Sheets/cr_ani_body_00__house01/j48_A006_animal_rabbit_walk_s362__shadow_mask.png,"[22, 22]","[15, 14]","[0, 1, 2, 3, 4, 5, 6, 7]",RENDERED,COMPATIBLE,[],PIXEL_CONFIRMED,Animals/tribe_17_rabbits/young_job48/metadata.json,Animals/tribe_17_rabbits/young_job48/index.html
17,Blue Hares,animal,48,48,baby_animal,Young Animal,young,[48],363,48,False,atomic,7,animal_rabbit_baby_idle,30,[],,,0,,0,animal_rabbit_walk,animal_rabbit_walk,initial,0,Data\Engine2D\Bin\Bobs\CR_Ani_Body_00.bmd,Data\Engine2D\Bin\Bobs\CR_Ani_Body_00_s.bmd,,,[],house01,,declared base palette (ordinal 0 of RNG list),[],"{""0"": [2463], ""1"": [2471], ""2"": [2431], ""3"": [2439], ""4"": [2447], ""5"": [2455], ""6"": [2487], ""7"": [2479]}",{},"frame = min(count-1, floor(count*progress/duration)); duration from atomic length",Animals/tribe_17_rabbits/Sheets/cr_ani_body_00__house01/j48_A007_animal_rabbit_walk_s363.png,Animals/tribe_17_rabbits/Sheets/cr_ani_body_00__house01/j48_A007_animal_rabbit_walk_s363__shadow_mask.png,"[22, 22]","[15, 14]","[0, 1, 2, 3, 4, 5, 6, 7]",RENDERED,COMPATIBLE,[],PIXEL_CONFIRMED,Animals/tribe_17_rabbits/young_job48/metadata.json,Animals/tribe_17_rabbits/young_job48/index.html
17,Blue Hares,animal,48,48,baby_animal,Young Animal,young,[48],367,48,False,atomic,9,animal_bear_eat,20,[],,,0,,0,animal_rabbit_walk,animal_rabbit_walk,initial,0,Data\Engine2D\Bin\Bobs\CR_Ani_Body_00.bmd,Data\Engine2D\Bin\Bobs\CR_Ani_Body_00_s.bmd,,,[],house01,,declared base palette (ordinal 0 of RNG list),[],"{""0"": [2463], ""1"": [2471], ""2"": [2431], ""3"": [2439], ""4"": [2447], ""5"": [2455], ""6"": [2487], ""7"": [2479]}",{},"frame = min(count-1, floor(count*progress/duration)); duration from atomic length",Animals/tribe_17_rabbits/Sheets/cr_ani_body_00__house01/j48_A009_animal_rabbit_walk_s367.png,Animals/tribe_17_rabbits/Sheets/cr_ani_body_00__house01/j48_A009_animal_rabbit_walk_s367__shadow_mask.png,"[22, 22]","[15, 14]","[0, 1, 2, 3, 4, 5, 6, 7]",RENDERED,COMPATIBLE,[],PIXEL_CONFIRMED,Animals/tribe_17_rabbits/young_job48/metadata.json,Animals/tribe_17_rabbits/young_job48/index.html
17,Blue Hares,animal,48,48,baby_animal,Young Animal,young,[48],1137,48,False,walk,,,,[],0,,,100000,0,animal_rabbit_walk,animal_rabbit_walk,initial,0,Data\Engine2D\Bin\Bobs\CR_Ani_Body_00.bmd,Data\Engine2D\Bin\Bobs\CR_Ani_Body_00_s.bmd,,,[],house01,,declared base palette (ordinal 0 of RNG list),[],"{""0"": [2463, 2464, 2465, 2466, 2467, 2468, 2469, 2470], ""1"": [2471, 2472, 2473, 2474, 2475, 2476, 2477, 2478], ""2"": [2431, 2432, 2433, 2434, 2435, 2436, 2437, 2438], ""3"": [2439, 2440, 2441, 2442, 2443, 2444, 2445, 2446], ""4"": [2447, 2448, 2449, 2450, 2451, 2452, 2453, 2454], ""5"": [2455, 2456, 2457, 2458, 2459, 2460, 2461, 2462], ""6"": [2487, 2488, 2489, 2490, 2491, 2492, 2493, 2494], ""7"": [2479, 2480, 2481, 2482, 2483, 2484, 2485, 2486]}",{},frame = frameTick % count (walk; caller frame tick),Animals/tribe_17_rabbits/Sheets/cr_ani_body_00__house01/j48_W000_animal_rabbit_walk_s1137.png,Animals/tribe_17_rabbits/Sheets/cr_ani_body_00__house01/j48_W000_animal_rabbit_walk_s1137__shadow_mask.png,"[40, 34]","[24, 20]","[0, 1, 2, 3, 4, 5, 6, 7]",RENDERED,COMPATIBLE,[],PIXEL_CONFIRMED,Animals/tribe_17_rabbits/young_job48/metadata.json,Animals/tribe_17_rabbits/young_job48/index.html
17,Blue Hares,animal,49,49,adult_animal,Animal,adult,"[49, 48]",357,49,False,atomic,2,animal_rabbit_adult_idle,30,[],,,0,,0,animal_rabbit_walk,animal_rabbit_walk,initial,0,Data\Engine2D\Bin\Bobs\CR_Ani_Body_00.bmd,Data\Engine2D\Bin\Bobs\CR_Ani_Body_00_s.bmd,,,[],house01,,declared base palette (ordinal 0 of RNG list),[],"{""0"": [2463], ""1"": [2471], ""2"": [2431], ""3"": [2439], ""4"": [2447], ""5"": [2455], ""6"": [2487], ""7"": [2479]}",{},"frame = min(count-1, floor(count*progress/duration)); duration from atomic length",Animals/tribe_17_rabbits/Sheets/cr_ani_body_00__house01/j49_A002_animal_rabbit_walk_s357.png,Animals/tribe_17_rabbits/Sheets/cr_ani_body_00__house01/j49_A002_animal_rabbit_walk_s357__shadow_mask.png,"[22, 22]","[15, 14]","[0, 1, 2, 3, 4, 5, 6, 7]",RENDERED,COMPATIBLE,[],PIXEL_CONFIRMED,Animals/tribe_17_rabbits/adult_job49/metadata.json,Animals/tribe_17_rabbits/adult_job49/index.html
17,Blue Hares,animal,49,49,adult_animal,Animal,adult,"[49, 48]",358,49,False,atomic,3,animal_rabbit_adult_idle,30,[],,,0,,0,animal_rabbit_walk,animal_rabbit_walk,initial,0,Data\Engine2D\Bin\Bobs\CR_Ani_Body_00.bmd,Data\Engine2D\Bin\Bobs\CR_Ani_Body_00_s.bmd,,,[],house01,,declared base palette (ordinal 0 of RNG list),[],"{""0"": [2463], ""1"": [2471], ""2"": [2431], ""3"": [2439], ""4"": [2447], ""5"": [2455], ""6"": [2487], ""7"": [2479]}",{},"frame = min(count-1, floor(count*progress/duration)); duration from atomic length",Animals/tribe_17_rabbits/Sheets/cr_ani_body_00__house01/j49_A003_animal_rabbit_walk_s358.png,Animals/tribe_17_rabbits/Sheets/cr_ani_body_00__house01/j49_A003_animal_rabbit_walk_s358__shadow_mask.png,"[22, 22]","[15, 14]","[0, 1, 2, 3, 4, 5, 6, 7]",RENDERED,COMPATIBLE,[],PIXEL_CONFIRMED,Animals/tribe_17_rabbits/adult_job49/metadata.json,Animals/tribe_17_rabbits/adult_job49/index.html
17,Blue Hares,animal,49,49,adult_animal,Animal,adult,"[49, 48]",359,49,False,atomic,4,animal_rabbit_adult_idle,30,[],,,0,,0,animal_rabbit_walk,animal_rabbit_walk,initial,0,Data\Engine2D\Bin\Bobs\CR_Ani_Body_00.bmd,Data\Engine2D\Bin\Bobs\CR_Ani_Body_00_s.bmd,,,[],house01,,declared base palette (ordinal 0 of RNG list),[],"{""0"": [2463], ""1"": [2471], ""2"": [2431], ""3"": [2439], ""4"": [2447], ""5"": [2455], ""6"": [2487], ""7"": [2479]}",{},"frame = min(count-1, floor(count*progress/duration)); duration from atomic length",Animals/tribe_17_rabbits/Sheets/cr_ani_body_00__house01/j49_A004_animal_rabbit_walk_s359.png,Animals/tribe_17_rabbits/Sheets/cr_ani_body_00__house01/j49_A004_animal_rabbit_walk_s359__shadow_mask.png,"[22, 22]","[15, 14]","[0, 1, 2, 3, 4, 5, 6, 7]",RENDERED,COMPATIBLE,[],PIXEL_CONFIRMED,Animals/tribe_17_rabbits/adult_job49/metadata.json,Animals/tribe_17_rabbits/adult_job49/index.html
17,Blue Hares,animal,49,49,adult_animal,Animal,adult,"[49, 48]",354,49,False,atomic,5,animal_rabbit_adult_idle,30,[],,,0,,0,animal_rabbit_walk,animal_rabbit_walk,initial,0,Data\Engine2D\Bin\Bobs\CR_Ani_Body_00.bmd,Data\Engine2D\Bin\Bobs\CR_Ani_Body_00_s.bmd,,,[],house01,,declared base palette (ordinal 0 of RNG list),[],"{""0"": [2463], ""1"": [2471], ""2"": [2431], ""3"": [2439], ""4"": [2447], ""5"": [2455], ""6"": [2487], ""7"": [2479]}",{},"frame = min(count-1, floor(count*progress/duration)); duration from atomic length",Animals/tribe_17_rabbits/Sheets/cr_ani_body_00__house01/j49_A005_animal_rabbit_walk_s354.png,Animals/tribe_17_rabbits/Sheets/cr_ani_body_00__house01/j49_A005_animal_rabbit_walk_s354__shadow_mask.png,"[22, 22]","[15, 14]","[0, 1, 2, 3, 4, 5, 6, 7]",RENDERED,COMPATIBLE,[],PIXEL_CONFIRMED,Animals/tribe_17_rabbits/adult_job49/metadata.json,Animals/tribe_17_rabbits/adult_job49/index.html
17,Blue Hares,animal,49,49,adult_animal,Animal,adult,"[49, 48]",355,49,False,atomic,6,animal_rabbit_adult_idle,30,[],,,0,,0,animal_rabbit_walk,animal_rabbit_walk,initial,0,Data\Engine2D\Bin\Bobs\CR_Ani_Body_00.bmd,Data\Engine2D\Bin\Bobs\CR_Ani_Body_00_s.bmd,,,[],house01,,declared base palette (ordinal 0 of RNG list),[],"{""0"": [2463], ""1"": [2471], ""2"": [2431], ""3"": [2439], ""4"": [2447], ""5"": [2455], ""6"": [2487], ""7"": [2479]}",{},"frame = min(count-1, floor(count*progress/duration)); duration from atomic length",Animals/tribe_17_rabbits/Sheets/cr_ani_body_00__house01/j49_A006_animal_rabbit_walk_s355.png,Animals/tribe_17_rabbits/Sheets/cr_ani_body_00__house01/j49_A006_animal_rabbit_walk_s355__shadow_mask.png,"[22, 22]","[15, 14]","[0, 1, 2, 3, 4, 5, 6, 7]",RENDERED,COMPATIBLE,[],PIXEL_CONFIRMED,Animals/tribe_17_rabbits/adult_job49/metadata.json,Animals/tribe_17_rabbits/adult_job49/index.html
17,Blue Hares,animal,49,49,adult_animal,Animal,adult,"[49, 48]",356,49,False,atomic,7,animal_rabbit_adult_idle,30,[],,,0,,0,animal_rabbit_walk,animal_rabbit_walk,initial,0,Data\Engine2D\Bin\Bobs\CR_Ani_Body_00.bmd,Data\Engine2D\Bin\Bobs\CR_Ani_Body_00_s.bmd,,,[],house01,,declared base palette (ordinal 0 of RNG list),[],"{""0"": [2463], ""1"": [2471], ""2"": [2431], ""3"": [2439], ""4"": [2447], ""5"": [2455], ""6"": [2487], ""7"": [2479]}",{},"frame = min(count-1, floor(count*progress/duration)); duration from atomic length",Animals/tribe_17_rabbits/Sheets/cr_ani_body_00__house01/j49_A007_animal_rabbit_walk_s356.png,Animals/tribe_17_rabbits/Sheets/cr_ani_body_00__house01/j49_A007_animal_rabbit_walk_s356__shadow_mask.png,"[22, 22]","[15, 14]","[0, 1, 2, 3, 4, 5, 6, 7]",RENDERED,COMPATIBLE,[],PIXEL_CONFIRMED,Animals/tribe_17_rabbits/adult_job49/metadata.json,Animals/tribe_17_rabbits/adult_job49/index.html
17,Blue Hares,animal,49,49,adult_animal,Animal,adult,"[49, 48]",360,49,False,atomic,9,animal_bear_eat,20,[],,,0,,0,animal_rabbit_walk,animal_rabbit_walk,initial,0,Data\Engine2D\Bin\Bobs\CR_Ani_Body_00.bmd,Data\Engine2D\Bin\Bobs\CR_Ani_Body_00_s.bmd,,,[],house01,,declared base palette (ordinal 0 of RNG list),[],"{""0"": [2463], ""1"": [2471], ""2"": [2431], ""3"": [2439], ""4"": [2447], ""5"": [2455], ""6"": [2487], ""7"": [2479]}",{},"frame = min(count-1, floor(count*progress/duration)); duration from atomic length",Animals/tribe_17_rabbits/Sheets/cr_ani_body_00__house01/j49_A009_animal_rabbit_walk_s360.png,Animals/tribe_17_rabbits/Sheets/cr_ani_body_00__house01/j49_A009_animal_rabbit_walk_s360__shadow_mask.png,"[22, 22]","[15, 14]","[0, 1, 2, 3, 4, 5, 6, 7]",RENDERED,COMPATIBLE,[],PIXEL_CONFIRMED,Animals/tribe_17_rabbits/adult_job49/metadata.json,Animals/tribe_17_rabbits/adult_job49/index.html
17,Blue Hares,animal,49,49,adult_animal,Animal,adult,"[49, 48]",1136,49,False,walk,,,,[],0,,,100000,0,animal_rabbit_walk,animal_rabbit_walk,initial,0,Data\Engine2D\Bin\Bobs\CR_Ani_Body_00.bmd,Data\Engine2D\Bin\Bobs\CR_Ani_Body_00_s.bmd,,,[],house01,,declared base palette (ordinal 0 of RNG list),[],"{""0"": [2463, 2464, 2465, 2466, 2467, 2468, 2469, 2470], ""1"": [2471, 2472, 2473, 2474, 2475, 2476, 2477, 2478], ""2"": [2431, 2432, 2433, 2434, 2435, 2436, 2437, 2438], ""3"": [2439, 2440, 2441, 2442, 2443, 2444, 2445, 2446], ""4"": [2447, 2448, 2449, 2450, 2451, 2452, 2453, 2454], ""5"": [2455, 2456, 2457, 2458, 2459, 2460, 2461, 2462], ""6"": [2487, 2488, 2489, 2490, 2491, 2492, 2493, 2494], ""7"": [2479, 2480, 2481, 2482, 2483, 2484, 2485, 2486]}",{},frame = frameTick % count (walk; caller frame tick),Animals/tribe_17_rabbits/Sheets/cr_ani_body_00__house01/j49_W000_animal_rabbit_walk_s1136.png,Animals/tribe_17_rabbits/Sheets/cr_ani_body_00__house01/j49_W000_animal_rabbit_walk_s1136__shadow_mask.png,"[40, 34]","[24, 20]","[0, 1, 2, 3, 4, 5, 6, 7]",RENDERED,COMPATIBLE,[],PIXEL_CONFIRMED,Animals/tribe_17_rabbits/adult_job49/metadata.json,Animals/tribe_17_rabbits/adult_job49/index.html
18,Killer Rabbits,animal,48,48,baby_animal,Young Animal,young,[48],380,48,False,atomic,2,animal_rabbit_baby_idle,30,[],,,0,,0,animal_rabbit_walk,animal_rabbit_walk,initial,0,Data\Engine2D\Bin\Bobs\CR_Ani_Body_00.bmd,Data\Engine2D\Bin\Bobs\CR_Ani_Body_00_s.bmd,,,[],harbour01,,declared base palette (ordinal 0 of RNG list),[],"{""0"": [2463], ""1"": [2471], ""2"": [2431], ""3"": [2439], ""4"": [2447], ""5"": [2455], ""6"": [2487], ""7"": [2479]}",{},"frame = min(count-1, floor(count*progress/duration)); duration from atomic length",Animals/tribe_18_evil_hares/Sheets/cr_ani_body_00__harbour01/j48_A002_animal_rabbit_walk_s380.png,Animals/tribe_18_evil_hares/Sheets/cr_ani_body_00__harbour01/j48_A002_animal_rabbit_walk_s380__shadow_mask.png,"[22, 22]","[15, 14]","[0, 1, 2, 3, 4, 5, 6, 7]",RENDERED,COMPATIBLE,[],PIXEL_CONFIRMED,Animals/tribe_18_evil_hares/young_job48/metadata.json,Animals/tribe_18_evil_hares/young_job48/index.html
18,Killer Rabbits,animal,48,48,baby_animal,Young Animal,young,[48],379,48,False,atomic,3,animal_rabbit_baby_idle,30,[],,,0,,0,animal_rabbit_walk,animal_rabbit_walk,initial,0,Data\Engine2D\Bin\Bobs\CR_Ani_Body_00.bmd,Data\Engine2D\Bin\Bobs\CR_Ani_Body_00_s.bmd,,,[],harbour01,,declared base palette (ordinal 0 of RNG list),[],"{""0"": [2463], ""1"": [2471], ""2"": [2431], ""3"": [2439], ""4"": [2447], ""5"": [2455], ""6"": [2487], ""7"": [2479]}",{},"frame = min(count-1, floor(count*progress/duration)); duration from atomic length",Animals/tribe_18_evil_hares/Sheets/cr_ani_body_00__harbour01/j48_A003_animal_rabbit_walk_s379.png,Animals/tribe_18_evil_hares/Sheets/cr_ani_body_00__harbour01/j48_A003_animal_rabbit_walk_s379__shadow_mask.png,"[22, 22]","[15, 14]","[0, 1, 2, 3, 4, 5, 6, 7]",RENDERED,COMPATIBLE,[],PIXEL_CONFIRMED,Animals/tribe_18_evil_hares/young_job48/metadata.json,Animals/tribe_18_evil_hares/young_job48/index.html
18,Killer Rabbits,animal,48,48,baby_animal,Young Animal,young,[48],378,48,False,atomic,4,animal_rabbit_baby_idle,30,[],,,0,,0,animal_rabbit_walk,animal_rabbit_walk,initial,0,Data\Engine2D\Bin\Bobs\CR_Ani_Body_00.bmd,Data\Engine2D\Bin\Bobs\CR_Ani_Body_00_s.bmd,,,[],harbour01,,declared base palette (ordinal 0 of RNG list),[],"{""0"": [2463], ""1"": [2471], ""2"": [2431], ""3"": [2439], ""4"": [2447], ""5"": [2455], ""6"": [2487], ""7"": [2479]}",{},"frame = min(count-1, floor(count*progress/duration)); duration from atomic length",Animals/tribe_18_evil_hares/Sheets/cr_ani_body_00__harbour01/j48_A004_animal_rabbit_walk_s378.png,Animals/tribe_18_evil_hares/Sheets/cr_ani_body_00__harbour01/j48_A004_animal_rabbit_walk_s378__shadow_mask.png,"[22, 22]","[15, 14]","[0, 1, 2, 3, 4, 5, 6, 7]",RENDERED,COMPATIBLE,[],PIXEL_CONFIRMED,Animals/tribe_18_evil_hares/young_job48/metadata.json,Animals/tribe_18_evil_hares/young_job48/index.html
18,Killer Rabbits,animal,48,48,baby_animal,Young Animal,young,[48],375,48,False,atomic,5,animal_rabbit_baby_idle,30,[],,,0,,0,animal_rabbit_walk,animal_rabbit_walk,initial,0,Data\Engine2D\Bin\Bobs\CR_Ani_Body_00.bmd,Data\Engine2D\Bin\Bobs\CR_Ani_Body_00_s.bmd,,,[],harbour01,,declared base palette (ordinal 0 of RNG list),[],"{""0"": [2463], ""1"": [2471], ""2"": [2431], ""3"": [2439], ""4"": [2447], ""5"": [2455], ""6"": [2487], ""7"": [2479]}",{},"frame = min(count-1, floor(count*progress/duration)); duration from atomic length",Animals/tribe_18_evil_hares/Sheets/cr_ani_body_00__harbour01/j48_A005_animal_rabbit_walk_s375.png,Animals/tribe_18_evil_hares/Sheets/cr_ani_body_00__harbour01/j48_A005_animal_rabbit_walk_s375__shadow_mask.png,"[22, 22]","[15, 14]","[0, 1, 2, 3, 4, 5, 6, 7]",RENDERED,COMPATIBLE,[],PIXEL_CONFIRMED,Animals/tribe_18_evil_hares/young_job48/metadata.json,Animals/tribe_18_evil_hares/young_job48/index.html
18,Killer Rabbits,animal,48,48,baby_animal,Young Animal,young,[48],376,48,False,atomic,6,animal_rabbit_baby_idle,30,[],,,0,,0,animal_rabbit_walk,animal_rabbit_walk,initial,0,Data\Engine2D\Bin\Bobs\CR_Ani_Body_00.bmd,Data\Engine2D\Bin\Bobs\CR_Ani_Body_00_s.bmd,,,[],harbour01,,declared base palette (ordinal 0 of RNG list),[],"{""0"": [2463], ""1"": [2471], ""2"": [2431], ""3"": [2439], ""4"": [2447], ""5"": [2455], ""6"": [2487], ""7"": [2479]}",{},"frame = min(count-1, floor(count*progress/duration)); duration from atomic length",Animals/tribe_18_evil_hares/Sheets/cr_ani_body_00__harbour01/j48_A006_animal_rabbit_walk_s376.png,Animals/tribe_18_evil_hares/Sheets/cr_ani_body_00__harbour01/j48_A006_animal_rabbit_walk_s376__shadow_mask.png,"[22, 22]","[15, 14]","[0, 1, 2, 3, 4, 5, 6, 7]",RENDERED,COMPATIBLE,[],PIXEL_CONFIRMED,Animals/tribe_18_evil_hares/young_job48/metadata.json,Animals/tribe_18_evil_hares/young_job48/index.html
18,Killer Rabbits,animal,48,48,baby_animal,Young Animal,young,[48],377,48,False,atomic,7,animal_rabbit_baby_idle,30,[],,,0,,0,animal_rabbit_walk,animal_rabbit_walk,initial,0,Data\Engine2D\Bin\Bobs\CR_Ani_Body_00.bmd,Data\Engine2D\Bin\Bobs\CR_Ani_Body_00_s.bmd,,,[],harbour01,,declared base palette (ordinal 0 of RNG list),[],"{""0"": [2463], ""1"": [2471], ""2"": [2431], ""3"": [2439], ""4"": [2447], ""5"": [2455], ""6"": [2487], ""7"": [2479]}",{},"frame = min(count-1, floor(count*progress/duration)); duration from atomic length",Animals/tribe_18_evil_hares/Sheets/cr_ani_body_00__harbour01/j48_A007_animal_rabbit_walk_s377.png,Animals/tribe_18_evil_hares/Sheets/cr_ani_body_00__harbour01/j48_A007_animal_rabbit_walk_s377__shadow_mask.png,"[22, 22]","[15, 14]","[0, 1, 2, 3, 4, 5, 6, 7]",RENDERED,COMPATIBLE,[],PIXEL_CONFIRMED,Animals/tribe_18_evil_hares/young_job48/metadata.json,Animals/tribe_18_evil_hares/young_job48/index.html
18,Killer Rabbits,animal,48,48,baby_animal,Young Animal,young,[48],381,48,False,atomic,9,animal_bear_eat,20,[],,,0,,0,animal_rabbit_walk,animal_rabbit_walk,initial,0,Data\Engine2D\Bin\Bobs\CR_Ani_Body_00.bmd,Data\Engine2D\Bin\Bobs\CR_Ani_Body_00_s.bmd,,,[],harbour01,,declared base palette (ordinal 0 of RNG list),[],"{""0"": [2463], ""1"": [2471], ""2"": [2431], ""3"": [2439], ""4"": [2447], ""5"": [2455], ""6"": [2487], ""7"": [2479]}",{},"frame = min(count-1, floor(count*progress/duration)); duration from atomic length",Animals/tribe_18_evil_hares/Sheets/cr_ani_body_00__harbour01/j48_A009_animal_rabbit_walk_s381.png,Animals/tribe_18_evil_hares/Sheets/cr_ani_body_00__harbour01/j48_A009_animal_rabbit_walk_s381__shadow_mask.png,"[22, 22]","[15, 14]","[0, 1, 2, 3, 4, 5, 6, 7]",RENDERED,COMPATIBLE,[],PIXEL_CONFIRMED,Animals/tribe_18_evil_hares/young_job48/metadata.json,Animals/tribe_18_evil_hares/young_job48/index.html
18,Killer Rabbits,animal,48,48,baby_animal,Young Animal,young,[48],1139,48,False,walk,,,,[],0,,,100000,0,animal_rabbit_walk,animal_rabbit_walk,initial,0,Data\Engine2D\Bin\Bobs\CR_Ani_Body_00.bmd,Data\Engine2D\Bin\Bobs\CR_Ani_Body_00_s.bmd,,,[],harbour01,,declared base palette (ordinal 0 of RNG list),[],"{""0"": [2463, 2464, 2465, 2466, 2467, 2468, 2469, 2470], ""1"": [2471, 2472, 2473, 2474, 2475, 2476, 2477, 2478], ""2"": [2431, 2432, 2433, 2434, 2435, 2436, 2437, 2438], ""3"": [2439, 2440, 2441, 2442, 2443, 2444, 2445, 2446], ""4"": [2447, 2448, 2449, 2450, 2451, 2452, 2453, 2454], ""5"": [2455, 2456, 2457, 2458, 2459, 2460, 2461, 2462], ""6"": [2487, 2488, 2489, 2490, 2491, 2492, 2493, 2494], ""7"": [2479, 2480, 2481, 2482, 2483, 2484, 2485, 2486]}",{},frame = frameTick % count (walk; caller frame tick),Animals/tribe_18_evil_hares/Sheets/cr_ani_body_00__harbour01/j48_W000_animal_rabbit_walk_s1139.png,Animals/tribe_18_evil_hares/Sheets/cr_ani_body_00__harbour01/j48_W000_animal_rabbit_walk_s1139__shadow_mask.png,"[40, 34]","[24, 20]","[0, 1, 2, 3, 4, 5, 6, 7]",RENDERED,COMPATIBLE,[],PIXEL_CONFIRMED,Animals/tribe_18_evil_hares/young_job48/metadata.json,Animals/tribe_18_evil_hares/young_job48/index.html
18,Killer Rabbits,animal,49,49,adult_animal,Animal,adult,"[49, 48]",371,49,False,atomic,2,animal_rabbit_adult_idle,30,[],,,0,,0,animal_rabbit_walk,animal_rabbit_walk,initial,0,Data\Engine2D\Bin\Bobs\CR_Ani_Body_00.bmd,Data\Engine2D\Bin\Bobs\CR_Ani_Body_00_s.bmd,,,[],house01,,declared base palette (ordinal 0 of RNG list),[],"{""0"": [2463], ""1"": [2471], ""2"": [2431], ""3"": [2439], ""4"": [2447], ""5"": [2455], ""6"": [2487], ""7"": [2479]}",{},"frame = min(count-1, floor(count*progress/duration)); duration from atomic length",Animals/tribe_18_evil_hares/Sheets/cr_ani_body_00__house01/j49_A002_animal_rabbit_walk_s371.png,Animals/tribe_18_evil_hares/Sheets/cr_ani_body_00__house01/j49_A002_animal_rabbit_walk_s371__shadow_mask.png,"[22, 22]","[15, 14]","[0, 1, 2, 3, 4, 5, 6, 7]",RENDERED,COMPATIBLE,[],PIXEL_CONFIRMED,Animals/tribe_18_evil_hares/adult_job49/metadata.json,Animals/tribe_18_evil_hares/adult_job49/index.html
18,Killer Rabbits,animal,49,49,adult_animal,Animal,adult,"[49, 48]",372,49,False,atomic,3,animal_rabbit_adult_idle,30,[],,,0,,0,animal_rabbit_walk,animal_rabbit_walk,initial,0,Data\Engine2D\Bin\Bobs\CR_Ani_Body_00.bmd,Data\Engine2D\Bin\Bobs\CR_Ani_Body_00_s.bmd,,,[],house01,,declared base palette (ordinal 0 of RNG list),[],"{""0"": [2463], ""1"": [2471], ""2"": [2431], ""3"": [2439], ""4"": [2447], ""5"": [2455], ""6"": [2487], ""7"": [2479]}",{},"frame = min(count-1, floor(count*progress/duration)); duration from atomic length",Animals/tribe_18_evil_hares/Sheets/cr_ani_body_00__house01/j49_A003_animal_rabbit_walk_s372.png,Animals/tribe_18_evil_hares/Sheets/cr_ani_body_00__house01/j49_A003_animal_rabbit_walk_s372__shadow_mask.png,"[22, 22]","[15, 14]","[0, 1, 2, 3, 4, 5, 6, 7]",RENDERED,COMPATIBLE,[],PIXEL_CONFIRMED,Animals/tribe_18_evil_hares/adult_job49/metadata.json,Animals/tribe_18_evil_hares/adult_job49/index.html
18,Killer Rabbits,animal,49,49,adult_animal,Animal,adult,"[49, 48]",373,49,False,atomic,4,animal_rabbit_adult_idle,30,[],,,0,,0,animal_rabbit_walk,animal_rabbit_walk,initial,0,Data\Engine2D\Bin\Bobs\CR_Ani_Body_00.bmd,Data\Engine2D\Bin\Bobs\CR_Ani_Body_00_s.bmd,,,[],house01,,declared base palette (ordinal 0 of RNG list),[],"{""0"": [2463], ""1"": [2471], ""2"": [2431], ""3"": [2439], ""4"": [2447], ""5"": [2455], ""6"": [2487], ""7"": [2479]}",{},"frame = min(count-1, floor(count*progress/duration)); duration from atomic length",Animals/tribe_18_evil_hares/Sheets/cr_ani_body_00__house01/j49_A004_animal_rabbit_walk_s373.png,Animals/tribe_18_evil_hares/Sheets/cr_ani_body_00__house01/j49_A004_animal_rabbit_walk_s373__shadow_mask.png,"[22, 22]","[15, 14]","[0, 1, 2, 3, 4, 5, 6, 7]",RENDERED,COMPATIBLE,[],PIXEL_CONFIRMED,Animals/tribe_18_evil_hares/adult_job49/metadata.json,Animals/tribe_18_evil_hares/adult_job49/index.html
18,Killer Rabbits,animal,49,49,adult_animal,Animal,adult,"[49, 48]",368,49,False,atomic,5,animal_rabbit_adult_idle,30,[],,,0,,0,animal_rabbit_walk,animal_rabbit_walk,initial,0,Data\Engine2D\Bin\Bobs\CR_Ani_Body_00.bmd,Data\Engine2D\Bin\Bobs\CR_Ani_Body_00_s.bmd,,,[],house01,,declared base palette (ordinal 0 of RNG list),[],"{""0"": [2463], ""1"": [2471], ""2"": [2431], ""3"": [2439], ""4"": [2447], ""5"": [2455], ""6"": [2487], ""7"": [2479]}",{},"frame = min(count-1, floor(count*progress/duration)); duration from atomic length",Animals/tribe_18_evil_hares/Sheets/cr_ani_body_00__house01/j49_A005_animal_rabbit_walk_s368.png,Animals/tribe_18_evil_hares/Sheets/cr_ani_body_00__house01/j49_A005_animal_rabbit_walk_s368__shadow_mask.png,"[22, 22]","[15, 14]","[0, 1, 2, 3, 4, 5, 6, 7]",RENDERED,COMPATIBLE,[],PIXEL_CONFIRMED,Animals/tribe_18_evil_hares/adult_job49/metadata.json,Animals/tribe_18_evil_hares/adult_job49/index.html
18,Killer Rabbits,animal,49,49,adult_animal,Animal,adult,"[49, 48]",369,49,False,atomic,6,animal_rabbit_adult_idle,30,[],,,0,,0,animal_rabbit_walk,animal_rabbit_walk,initial,0,Data\Engine2D\Bin\Bobs\CR_Ani_Body_00.bmd,Data\Engine2D\Bin\Bobs\CR_Ani_Body_00_s.bmd,,,[],house01,,declared base palette (ordinal 0 of RNG list),[],"{""0"": [2463], ""1"": [2471], ""2"": [2431], ""3"": [2439], ""4"": [2447], ""5"": [2455], ""6"": [2487], ""7"": [2479]}",{},"frame = min(count-1, floor(count*progress/duration)); duration from atomic length",Animals/tribe_18_evil_hares/Sheets/cr_ani_body_00__house01/j49_A006_animal_rabbit_walk_s369.png,Animals/tribe_18_evil_hares/Sheets/cr_ani_body_00__house01/j49_A006_animal_rabbit_walk_s369__shadow_mask.png,"[22, 22]","[15, 14]","[0, 1, 2, 3, 4, 5, 6, 7]",RENDERED,COMPATIBLE,[],PIXEL_CONFIRMED,Animals/tribe_18_evil_hares/adult_job49/metadata.json,Animals/tribe_18_evil_hares/adult_job49/index.html
18,Killer Rabbits,animal,49,49,adult_animal,Animal,adult,"[49, 48]",370,49,False,atomic,7,animal_rabbit_adult_idle,30,[],,,0,,0,animal_rabbit_walk,animal_rabbit_walk,initial,0,Data\Engine2D\Bin\Bobs\CR_Ani_Body_00.bmd,Data\Engine2D\Bin\Bobs\CR_Ani_Body_00_s.bmd,,,[],house01,,declared base palette (ordinal 0 of RNG list),[],"{""0"": [2463], ""1"": [2471], ""2"": [2431], ""3"": [2439], ""4"": [2447], ""5"": [2455], ""6"": [2487], ""7"": [2479]}",{},"frame = min(count-1, floor(count*progress/duration)); duration from atomic length",Animals/tribe_18_evil_hares/Sheets/cr_ani_body_00__house01/j49_A007_animal_rabbit_walk_s370.png,Animals/tribe_18_evil_hares/Sheets/cr_ani_body_00__house01/j49_A007_animal_rabbit_walk_s370__shadow_mask.png,"[22, 22]","[15, 14]","[0, 1, 2, 3, 4, 5, 6, 7]",RENDERED,COMPATIBLE,[],PIXEL_CONFIRMED,Animals/tribe_18_evil_hares/adult_job49/metadata.json,Animals/tribe_18_evil_hares/adult_job49/index.html
18,Killer Rabbits,animal,49,49,adult_animal,Animal,adult,"[49, 48]",374,49,False,atomic,9,animal_bear_eat,20,[],,,0,,0,animal_rabbit_walk,animal_rabbit_walk,initial,0,Data\Engine2D\Bin\Bobs\CR_Ani_Body_00.bmd,Data\Engine2D\Bin\Bobs\CR_Ani_Body_00_s.bmd,,,[],house01,,declared base palette (ordinal 0 of RNG list),[],"{""0"": [2463], ""1"": [2471], ""2"": [2431], ""3"": [2439], ""4"": [2447], ""5"": [2455], ""6"": [2487], ""7"": [2479]}",{},"frame = min(count-1, floor(count*progress/duration)); duration from atomic length",Animals/tribe_18_evil_hares/Sheets/cr_ani_body_00__house01/j49_A009_animal_rabbit_walk_s374.png,Animals/tribe_18_evil_hares/Sheets/cr_ani_body_00__house01/j49_A009_animal_rabbit_walk_s374__shadow_mask.png,"[22, 22]","[15, 14]","[0, 1, 2, 3, 4, 5, 6, 7]",RENDERED,COMPATIBLE,[],PIXEL_CONFIRMED,Animals/tribe_18_evil_hares/adult_job49/metadata.json,Animals/tribe_18_evil_hares/adult_job49/index.html
18,Killer Rabbits,animal,49,49,adult_animal,Animal,adult,"[49, 48]",1138,49,False,walk,,,,[],0,,,100000,0,animal_rabbit_walk,animal_rabbit_walk,initial,0,Data\Engine2D\Bin\Bobs\CR_Ani_Body_00.bmd,Data\Engine2D\Bin\Bobs\CR_Ani_Body_00_s.bmd,,,[],house01,,declared base palette (ordinal 0 of RNG list),[],"{""0"": [2463, 2464, 2465, 2466, 2467, 2468, 2469, 2470], ""1"": [2471, 2472, 2473, 2474, 2475, 2476, 2477, 2478], ""2"": [2431, 2432, 2433, 2434, 2435, 2436, 2437, 2438], ""3"": [2439, 2440, 2441, 2442, 2443, 2444, 2445, 2446], ""4"": [2447, 2448, 2449, 2450, 2451, 2452, 2453, 2454], ""5"": [2455, 2456, 2457, 2458, 2459, 2460, 2461, 2462], ""6"": [2487, 2488, 2489, 2490, 2491, 2492, 2493, 2494], ""7"": [2479, 2480, 2481, 2482, 2483, 2484, 2485, 2486]}",{},frame = frameTick % count (walk; caller frame tick),Animals/tribe_18_evil_hares/Sheets/cr_ani_body_00__house01/j49_W000_animal_rabbit_walk_s1138.png,Animals/tribe_18_evil_hares/Sheets/cr_ani_body_00__house01/j49_W000_animal_rabbit_walk_s1138__shadow_mask.png,"[40, 34]","[24, 20]","[0, 1, 2, 3, 4, 5, 6, 7]",RENDERED,COMPATIBLE,[],PIXEL_CONFIRMED,Animals/tribe_18_evil_hares/adult_job49/metadata.json,Animals/tribe_18_evil_hares/adult_job49/index.html
19,Sheep,animal,48,48,baby_animal,Young Animal,young,[48],389,48,False,atomic,2,animal_sheep_baby_idle,100,[],,,0,,0,animal_sheep_walk,animal_sheep_walk,initial,0,Data\Engine2D\Bin\Bobs\CR_Ani_Body_00.bmd,Data\Engine2D\Bin\Bobs\CR_Ani_Body_00_s.bmd,,,[],house01,,declared base palette (ordinal 0 of RNG list),[],"{""0"": [2569], ""1"": [2578], ""2"": [2519], ""3"": [2528], ""4"": [2540], ""5"": [2552], ""6"": [2610], ""7"": [2592]}",{},"frame = min(count-1, floor(count*progress/duration)); duration from atomic length",Animals/tribe_19_sheep/Sheets/cr_ani_body_00__house01/j48_A002_animal_sheep_walk_s389.png,Animals/tribe_19_sheep/Sheets/cr_ani_body_00__house01/j48_A002_animal_sheep_walk_s389__shadow_mask.png,"[53, 49]","[31, 35]","[0, 1, 2, 3, 4, 5, 6, 7]",RENDERED,COMPATIBLE,[],PIXEL_CONFIRMED,Animals/tribe_19_sheep/young_job48/metadata.json,Animals/tribe_19_sheep/young_job48/index.html
19,Sheep,animal,48,48,baby_animal,Young Animal,young,[48],390,48,False,atomic,3,animal_sheep_baby_idle,100,[],,,0,,0,animal_sheep_walk,animal_sheep_walk,initial,0,Data\Engine2D\Bin\Bobs\CR_Ani_Body_00.bmd,Data\Engine2D\Bin\Bobs\CR_Ani_Body_00_s.bmd,,,[],house01,,declared base palette (ordinal 0 of RNG list),[],"{""0"": [2569], ""1"": [2578], ""2"": [2519], ""3"": [2528], ""4"": [2540], ""5"": [2552], ""6"": [2610], ""7"": [2592]}",{},"frame = min(count-1, floor(count*progress/duration)); duration from atomic length",Animals/tribe_19_sheep/Sheets/cr_ani_body_00__house01/j48_A003_animal_sheep_walk_s390.png,Animals/tribe_19_sheep/Sheets/cr_ani_body_00__house01/j48_A003_animal_sheep_walk_s390__shadow_mask.png,"[53, 49]","[31, 35]","[0, 1, 2, 3, 4, 5, 6, 7]",RENDERED,COMPATIBLE,[],PIXEL_CONFIRMED,Animals/tribe_19_sheep/young_job48/metadata.json,Animals/tribe_19_sheep/young_job48/index.html
19,Sheep,animal,48,48,baby_animal,Young Animal,young,[48],391,48,False,atomic,4,animal_sheep_baby_idle,100,[],,,0,,0,animal_sheep_walk,animal_sheep_walk,initial,0,Data\Engine2D\Bin\Bobs\CR_Ani_Body_00.bmd,Data\Engine2D\Bin\Bobs\CR_Ani_Body_00_s.bmd,,,[],house01,,declared base palette (ordinal 0 of RNG list),[],"{""0"": [2569], ""1"": [2578], ""2"": [2519], ""3"": [2528], ""4"": [2540], ""5"": [2552], ""6"": [2610], ""7"": [2592]}",{},"frame = min(count-1, floor(count*progress/duration)); duration from atomic length",Animals/tribe_19_sheep/Sheets/cr_ani_body_00__house01/j48_A004_animal_sheep_walk_s391.png,Animals/tribe_19_sheep/Sheets/cr_ani_body_00__house01/j48_A004_animal_sheep_walk_s391__shadow_mask.png,"[53, 49]","[31, 35]","[0, 1, 2, 3, 4, 5, 6, 7]",RENDERED,COMPATIBLE,[],PIXEL_CONFIRMED,Animals/tribe_19_sheep/young_job48/metadata.json,Animals/tribe_19_sheep/young_job48/index.html
19,Sheep,animal,48,48,baby_animal,Young Animal,young,[48],392,48,False,atomic,5,animal_sheep_baby_idle,100,[],,,0,,0,animal_sheep_walk,animal_sheep_walk,initial,0,Data\Engine2D\Bin\Bobs\CR_Ani_Body_00.bmd,Data\Engine2D\Bin\Bobs\CR_Ani_Body_00_s.bmd,,,[],house01,,declared base palette (ordinal 0 of RNG list),[],"{""0"": [2569], ""1"": [2578], ""2"": [2519], ""3"": [2528], ""4"": [2540], ""5"": [2552], ""6"": [2610], ""7"": [2592]}",{},"frame = min(count-1, floor(count*progress/duration)); duration from atomic length",Animals/tribe_19_sheep/Sheets/cr_ani_body_00__house01/j48_A005_animal_sheep_walk_s392.png,Animals/tribe_19_sheep/Sheets/cr_ani_body_00__house01/j48_A005_animal_sheep_walk_s392__shadow_mask.png,"[53, 49]","[31, 35]","[0, 1, 2, 3, 4, 5, 6, 7]",RENDERED,COMPATIBLE,[],PIXEL_CONFIRMED,Animals/tribe_19_sheep/young_job48/metadata.json,Animals/tribe_19_sheep/young_job48/index.html
19,Sheep,animal,48,48,baby_animal,Young Animal,young,[48],393,48,False,atomic,6,animal_sheep_baby_idle,100,[],,,0,,0,animal_sheep_walk,animal_sheep_walk,initial,0,Data\Engine2D\Bin\Bobs\CR_Ani_Body_00.bmd,Data\Engine2D\Bin\Bobs\CR_Ani_Body_00_s.bmd,,,[],house01,,declared base palette (ordinal 0 of RNG list),[],"{""0"": [2569], ""1"": [2578], ""2"": [2519], ""3"": [2528], ""4"": [2540], ""5"": [2552], ""6"": [2610], ""7"": [2592]}",{},"frame = min(count-1, floor(count*progress/duration)); duration from atomic length",Animals/tribe_19_sheep/Sheets/cr_ani_body_00__house01/j48_A006_animal_sheep_walk_s393.png,Animals/tribe_19_sheep/Sheets/cr_ani_body_00__house01/j48_A006_animal_sheep_walk_s393__shadow_mask.png,"[53, 49]","[31, 35]","[0, 1, 2, 3, 4, 5, 6, 7]",RENDERED,COMPATIBLE,[],PIXEL_CONFIRMED,Animals/tribe_19_sheep/young_job48/metadata.json,Animals/tribe_19_sheep/young_job48/index.html
19,Sheep,animal,48,48,baby_animal,Young Animal,young,[48],394,48,False,atomic,7,animal_sheep_baby_idle,100,[],,,0,,0,animal_sheep_walk,animal_sheep_walk,initial,0,Data\Engine2D\Bin\Bobs\CR_Ani_Body_00.bmd,Data\Engine2D\Bin\Bobs\CR_Ani_Body_00_s.bmd,,,[],house01,,declared base palette (ordinal 0 of RNG list),[],"{""0"": [2569], ""1"": [2578], ""2"": [2519], ""3"": [2528], ""4"": [2540], ""5"": [2552], ""6"": [2610], ""7"": [2592]}",{},"frame = min(count-1, floor(count*progress/duration)); duration from atomic length",Animals/tribe_19_sheep/Sheets/cr_ani_body_00__house01/j48_A007_animal_sheep_walk_s394.png,Animals/tribe_19_sheep/Sheets/cr_ani_body_00__house01/j48_A007_animal_sheep_walk_s394__shadow_mask.png,"[53, 49]","[31, 35]","[0, 1, 2, 3, 4, 5, 6, 7]",RENDERED,COMPATIBLE,[],PIXEL_CONFIRMED,Animals/tribe_19_sheep/young_job48/metadata.json,Animals/tribe_19_sheep/young_job48/index.html
19,Sheep,animal,48,48,baby_animal,Young Animal,young,[48],395,48,False,atomic,9,animal_bear_eat,20,[],,,0,,0,animal_sheep_walk,animal_sheep_walk,initial,0,Data\Engine2D\Bin\Bobs\CR_Ani_Body_00.bmd,Data\Engine2D\Bin\Bobs\CR_Ani_Body_00_s.bmd,,,[],house01,,declared base palette (ordinal 0 of RNG list),[],"{""0"": [2569], ""1"": [2578], ""2"": [2519], ""3"": [2528], ""4"": [2540], ""5"": [2552], ""6"": [2610], ""7"": [2592]}",{},"frame = min(count-1, floor(count*progress/duration)); duration from atomic length",Animals/tribe_19_sheep/Sheets/cr_ani_body_00__house01/j48_A009_animal_sheep_walk_s395.png,Animals/tribe_19_sheep/Sheets/cr_ani_body_00__house01/j48_A009_animal_sheep_walk_s395__shadow_mask.png,"[53, 49]","[31, 35]","[0, 1, 2, 3, 4, 5, 6, 7]",RENDERED,COMPATIBLE,[],PIXEL_CONFIRMED,Animals/tribe_19_sheep/young_job48/metadata.json,Animals/tribe_19_sheep/young_job48/index.html
19,Sheep,animal,48,48,baby_animal,Young Animal,young,[48],1141,48,False,walk,,,,[],0,,,100000,0,animal_sheep_walk,animal_sheep_walk,initial,0,Data\Engine2D\Bin\Bobs\CR_Ani_Body_00.bmd,Data\Engine2D\Bin\Bobs\CR_Ani_Body_00_s.bmd,,,[],house01,,declared base palette (ordinal 0 of RNG list),[],"{""0"": [2564, 2565, 2566, 2567, 2568, 2569, 2570, 2571, 2572, 2573, 2574, 2575], ""1"": [2576, 2577, 2578, 2579, 2580, 2581, 2582, 2583, 2584, 2585, 2586, 2587], ""2"": [2516, 2517, 2518, 2519, 2520, 2521, 2522, 2523, 2524, 2525, 2526, 2527], ""3"": [2528, 2529, 2530, 2531, 2532, 2533, 2534, 2535, 2536, 2537, 2538, 2539], ""4"": [2540, 2541, 2542, 2543, 2544, 2545, 2546, 2547, 2548, 2549, 2550, 2551], ""5"": [2552, 2553, 2554, 2555, 2556, 2557, 2558, 2559, 2560, 2561, 2562, 2563], ""6"": [2600, 2601, 2602, 2603, 2604, 2605, 2606, 2607, 2608, 2609, 2610, 2611], ""7"": [2588, 2589, 2590, 2591, 2592, 2593, 2594, 2595, 2596, 2597, 2598, 2599]}",{},frame = frameTick % count (walk; caller frame tick),Animals/tribe_19_sheep/Sheets/cr_ani_body_00__house01/j48_W000_animal_sheep_walk_s1141.png,Animals/tribe_19_sheep/Sheets/cr_ani_body_00__house01/j48_W000_animal_sheep_walk_s1141__shadow_mask.png,"[54, 51]","[31, 35]","[0, 1, 2, 3, 4, 5, 6, 7]",RENDERED,COMPATIBLE,[],PIXEL_CONFIRMED,Animals/tribe_19_sheep/young_job48/metadata.json,Animals/tribe_19_sheep/young_job48/index.html
19,Sheep,animal,49,49,adult_animal,Animal,adult,"[49, 48]",387,49,False,atomic,2,animal_sheep_adult_idle,100,[],,,0,,0,animal_sheep_walk,animal_sheep_walk,initial,0,Data\Engine2D\Bin\Bobs\CR_Ani_Body_00.bmd,Data\Engine2D\Bin\Bobs\CR_Ani_Body_00_s.bmd,,,[],house01,,declared base palette (ordinal 0 of RNG list),[],"{""0"": [2569], ""1"": [2578], ""2"": [2519], ""3"": [2528], ""4"": [2540], ""5"": [2552], ""6"": [2610], ""7"": [2592]}",{},"frame = min(count-1, floor(count*progress/duration)); duration from atomic length",Animals/tribe_19_sheep/Sheets/cr_ani_body_00__house01/j49_A002_animal_sheep_walk_s387.png,Animals/tribe_19_sheep/Sheets/cr_ani_body_00__house01/j49_A002_animal_sheep_walk_s387__shadow_mask.png,"[53, 49]","[31, 35]","[0, 1, 2, 3, 4, 5, 6, 7]",RENDERED,COMPATIBLE,[],PIXEL_CONFIRMED,Animals/tribe_19_sheep/adult_job49/metadata.json,Animals/tribe_19_sheep/adult_job49/index.html
19,Sheep,animal,49,49,adult_animal,Animal,adult,"[49, 48]",382,49,False,atomic,3,animal_sheep_adult_idle,100,[],,,0,,0,animal_sheep_walk,animal_sheep_walk,initial,0,Data\Engine2D\Bin\Bobs\CR_Ani_Body_00.bmd,Data\Engine2D\Bin\Bobs\CR_Ani_Body_00_s.bmd,,,[],house01,,declared base palette (ordinal 0 of RNG list),[],"{""0"": [2569], ""1"": [2578], ""2"": [2519], ""3"": [2528], ""4"": [2540], ""5"": [2552], ""6"": [2610], ""7"": [2592]}",{},"frame = min(count-1, floor(count*progress/duration)); duration from atomic length",Animals/tribe_19_sheep/Sheets/cr_ani_body_00__house01/j49_A003_animal_sheep_walk_s382.png,Animals/tribe_19_sheep/Sheets/cr_ani_body_00__house01/j49_A003_animal_sheep_walk_s382__shadow_mask.png,"[53, 49]","[31, 35]","[0, 1, 2, 3, 4, 5, 6, 7]",RENDERED,COMPATIBLE,[],PIXEL_CONFIRMED,Animals/tribe_19_sheep/adult_job49/metadata.json,Animals/tribe_19_sheep/adult_job49/index.html
19,Sheep,animal,49,49,adult_animal,Animal,adult,"[49, 48]",383,49,False,atomic,4,animal_sheep_adult_idle,100,[],,,0,,0,animal_sheep_walk,animal_sheep_walk,initial,0,Data\Engine2D\Bin\Bobs\CR_Ani_Body_00.bmd,Data\Engine2D\Bin\Bobs\CR_Ani_Body_00_s.bmd,,,[],house01,,declared base palette (ordinal 0 of RNG list),[],"{""0"": [2569], ""1"": [2578], ""2"": [2519], ""3"": [2528], ""4"": [2540], ""5"": [2552], ""6"": [2610], ""7"": [2592]}",{},"frame = min(count-1, floor(count*progress/duration)); duration from atomic length",Animals/tribe_19_sheep/Sheets/cr_ani_body_00__house01/j49_A004_animal_sheep_walk_s383.png,Animals/tribe_19_sheep/Sheets/cr_ani_body_00__house01/j49_A004_animal_sheep_walk_s383__shadow_mask.png,"[53, 49]","[31, 35]","[0, 1, 2, 3, 4, 5, 6, 7]",RENDERED,COMPATIBLE,[],PIXEL_CONFIRMED,Animals/tribe_19_sheep/adult_job49/metadata.json,Animals/tribe_19_sheep/adult_job49/index.html
19,Sheep,animal,49,49,adult_animal,Animal,adult,"[49, 48]",384,49,False,atomic,5,animal_sheep_adult_idle,100,[],,,0,,0,animal_sheep_walk,animal_sheep_walk,initial,0,Data\Engine2D\Bin\Bobs\CR_Ani_Body_00.bmd,Data\Engine2D\Bin\Bobs\CR_Ani_Body_00_s.bmd,,,[],house01,,declared base palette (ordinal 0 of RNG list),[],"{""0"": [2569], ""1"": [2578], ""2"": [2519], ""3"": [2528], ""4"": [2540], ""5"": [2552], ""6"": [2610], ""7"": [2592]}",{},"frame = min(count-1, floor(count*progress/duration)); duration from atomic length",Animals/tribe_19_sheep/Sheets/cr_ani_body_00__house01/j49_A005_animal_sheep_walk_s384.png,Animals/tribe_19_sheep/Sheets/cr_ani_body_00__house01/j49_A005_animal_sheep_walk_s384__shadow_mask.png,"[53, 49]","[31, 35]","[0, 1, 2, 3, 4, 5, 6, 7]",RENDERED,COMPATIBLE,[],PIXEL_CONFIRMED,Animals/tribe_19_sheep/adult_job49/metadata.json,Animals/tribe_19_sheep/adult_job49/index.html
19,Sheep,animal,49,49,adult_animal,Animal,adult,"[49, 48]",385,49,False,atomic,6,animal_sheep_adult_idle,100,[],,,0,,0,animal_sheep_walk,animal_sheep_walk,initial,0,Data\Engine2D\Bin\Bobs\CR_Ani_Body_00.bmd,Data\Engine2D\Bin\Bobs\CR_Ani_Body_00_s.bmd,,,[],house01,,declared base palette (ordinal 0 of RNG list),[],"{""0"": [2569], ""1"": [2578], ""2"": [2519], ""3"": [2528], ""4"": [2540], ""5"": [2552], ""6"": [2610], ""7"": [2592]}",{},"frame = min(count-1, floor(count*progress/duration)); duration from atomic length",Animals/tribe_19_sheep/Sheets/cr_ani_body_00__house01/j49_A006_animal_sheep_walk_s385.png,Animals/tribe_19_sheep/Sheets/cr_ani_body_00__house01/j49_A006_animal_sheep_walk_s385__shadow_mask.png,"[53, 49]","[31, 35]","[0, 1, 2, 3, 4, 5, 6, 7]",RENDERED,COMPATIBLE,[],PIXEL_CONFIRMED,Animals/tribe_19_sheep/adult_job49/metadata.json,Animals/tribe_19_sheep/adult_job49/index.html
19,Sheep,animal,49,49,adult_animal,Animal,adult,"[49, 48]",386,49,False,atomic,7,animal_sheep_adult_idle,100,[],,,0,,0,animal_sheep_walk,animal_sheep_walk,initial,0,Data\Engine2D\Bin\Bobs\CR_Ani_Body_00.bmd,Data\Engine2D\Bin\Bobs\CR_Ani_Body_00_s.bmd,,,[],house01,,declared base palette (ordinal 0 of RNG list),[],"{""0"": [2569], ""1"": [2578], ""2"": [2519], ""3"": [2528], ""4"": [2540], ""5"": [2552], ""6"": [2610], ""7"": [2592]}",{},"frame = min(count-1, floor(count*progress/duration)); duration from atomic length",Animals/tribe_19_sheep/Sheets/cr_ani_body_00__house01/j49_A007_animal_sheep_walk_s386.png,Animals/tribe_19_sheep/Sheets/cr_ani_body_00__house01/j49_A007_animal_sheep_walk_s386__shadow_mask.png,"[53, 49]","[31, 35]","[0, 1, 2, 3, 4, 5, 6, 7]",RENDERED,COMPATIBLE,[],PIXEL_CONFIRMED,Animals/tribe_19_sheep/adult_job49/metadata.json,Animals/tribe_19_sheep/adult_job49/index.html
19,Sheep,animal,49,49,adult_animal,Animal,adult,"[49, 48]",388,49,False,atomic,9,animal_bear_eat,20,[],,,0,,0,animal_sheep_walk,animal_sheep_walk,initial,0,Data\Engine2D\Bin\Bobs\CR_Ani_Body_00.bmd,Data\Engine2D\Bin\Bobs\CR_Ani_Body_00_s.bmd,,,[],house01,,declared base palette (ordinal 0 of RNG list),[],"{""0"": [2569], ""1"": [2578], ""2"": [2519], ""3"": [2528], ""4"": [2540], ""5"": [2552], ""6"": [2610], ""7"": [2592]}",{},"frame = min(count-1, floor(count*progress/duration)); duration from atomic length",Animals/tribe_19_sheep/Sheets/cr_ani_body_00__house01/j49_A009_animal_sheep_walk_s388.png,Animals/tribe_19_sheep/Sheets/cr_ani_body_00__house01/j49_A009_animal_sheep_walk_s388__shadow_mask.png,"[53, 49]","[31, 35]","[0, 1, 2, 3, 4, 5, 6, 7]",RENDERED,COMPATIBLE,[],PIXEL_CONFIRMED,Animals/tribe_19_sheep/adult_job49/metadata.json,Animals/tribe_19_sheep/adult_job49/index.html
19,Sheep,animal,49,49,adult_animal,Animal,adult,"[49, 48]",1140,49,False,walk,,,,[],0,,,100000,0,animal_sheep_walk,animal_sheep_walk,initial,0,Data\Engine2D\Bin\Bobs\CR_Ani_Body_00.bmd,Data\Engine2D\Bin\Bobs\CR_Ani_Body_00_s.bmd,,,[],house01,,declared base palette (ordinal 0 of RNG list),[],"{""0"": [2564, 2565, 2566, 2567, 2568, 2569, 2570, 2571, 2572, 2573, 2574, 2575], ""1"": [2576, 2577, 2578, 2579, 2580, 2581, 2582, 2583, 2584, 2585, 2586, 2587], ""2"": [2516, 2517, 2518, 2519, 2520, 2521, 2522, 2523, 2524, 2525, 2526, 2527], ""3"": [2528, 2529, 2530, 2531, 2532, 2533, 2534, 2535, 2536, 2537, 2538, 2539], ""4"": [2540, 2541, 2542, 2543, 2544, 2545, 2546, 2547, 2548, 2549, 2550, 2551], ""5"": [2552, 2553, 2554, 2555, 2556, 2557, 2558, 2559, 2560, 2561, 2562, 2563], ""6"": [2600, 2601, 2602, 2603, 2604, 2605, 2606, 2607, 2608, 2609, 2610, 2611], ""7"": [2588, 2589, 2590, 2591, 2592, 2593, 2594, 2595, 2596, 2597, 2598, 2599]}",{},frame = frameTick % count (walk; caller frame tick),Animals/tribe_19_sheep/Sheets/cr_ani_body_00__house01/j49_W000_animal_sheep_walk_s1140.png,Animals/tribe_19_sheep/Sheets/cr_ani_body_00__house01/j49_W000_animal_sheep_walk_s1140__shadow_mask.png,"[54, 51]","[31, 35]","[0, 1, 2, 3, 4, 5, 6, 7]",RENDERED,COMPATIBLE,[],PIXEL_CONFIRMED,Animals/tribe_19_sheep/adult_job49/metadata.json,Animals/tribe_19_sheep/adult_job49/index.html
20,Wolves,animal,48,48,baby_animal,Young Animal,young,[48],404,48,False,atomic,2,animal_wolve_baby_idle,20,[],,,0,,0,animal_wolf_wait_cry,animal_wolf_wait_cry,initial,0,Data\Engine2D\Bin\Bobs\CR_Ani_Body_00.bmd,Data\Engine2D\Bin\Bobs\CR_Ani_Body_00_s.bmd,,,[],wolves01,,declared base palette (ordinal 0 of RNG list),[],"{""0"": [3017, 3017, 3017, 3018, 3019, 3020, 3022, 3022, 3022, 3022, 3022, 3022, 3022, 3022, 3022, 3022, 3020, 3019, 3018, 3017], ""1"": [3017, 3017, 3017, 3018, 3019, 3020, 3022, 3022, 3022, 3022, 3022, 3022, 3022, 3022, 3022, 3022, 3020, 3019, 3018, 3017], ""2"": [3017, 3017, 3017, 3018, 3019, 3020, 3022, 3022, 3022, 3022, 3022, 3022, 3022, 3022, 3022, 3022, 3020, 3019, 3018, 3017], ""3"": [3017, 3017, 3017, 3018, 3019, 3020, 3022, 3022, 3022, 3022, 3022, 3022, 3022, 3022, 3022, 3022, 3020, 3019, 3018, 3017], ""4"": [3017, 3017, 3017, 3018, 3019, 3020, 3022, 3022, 3022, 3022, 3022, 3022, 3022, 3022, 3022, 3022, 3020, 3019, 3018, 3017], ""5"": [3017, 3017, 3017, 3018, 3019, 3020, 3022, 3022, 3022, 3022, 3022, 3022, 3022, 3022, 3022, 3022, 3020, 3019, 3018, 3017], ""6"": [3017, 3017, 3017, 3018, 3019, 3020, 3022, 3022, 3022, 3022, 3022, 3022, 3022, 3022, 3022, 3022, 3020, 3019, 3018, 3017], ""7"": [3017, 3017, 3017, 3018, 3019, 3020, 3022, 3022, 3022, 3022, 3022, 3022, 3022, 3022, 3022, 3022, 3020, 3019, 3018, 3017]}",{},"frame = min(count-1, floor(count*progress/duration)); duration from atomic length",Animals/tribe_20_wolves/Sheets/cr_ani_body_00__wolves01/j48_A002_animal_wolf_wait_cry_s404.png,Animals/tribe_20_wolves/Sheets/cr_ani_body_00__wolves01/j48_A002_animal_wolf_wait_cry_s404__shadow_mask.png,"[30, 61]","[41, 32]","[0, 1, 2, 3, 4, 5, 6, 7]",RENDERED,COMPATIBLE,[],PIXEL_CONFIRMED,Animals/tribe_20_wolves/young_job48/metadata.json,Animals/tribe_20_wolves/young_job48/index.html
20,Wolves,animal,48,48,baby_animal,Young Animal,young,[48],408,48,False,atomic,3,animal_wolve_baby_idle,20,[],,,0,,0,animal_wolf_wait_cry,animal_wolf_wait_cry,initial,0,Data\Engine2D\Bin\Bobs\CR_Ani_Body_00.bmd,Data\Engine2D\Bin\Bobs\CR_Ani_Body_00_s.bmd,,,[],wolves01,,declared base palette (ordinal 0 of RNG list),[],"{""0"": [3017, 3017, 3017, 3018, 3019, 3020, 3022, 3022, 3022, 3022, 3022, 3022, 3022, 3022, 3022, 3022, 3020, 3019, 3018, 3017], ""1"": [3017, 3017, 3017, 3018, 3019, 3020, 3022, 3022, 3022, 3022, 3022, 3022, 3022, 3022, 3022, 3022, 3020, 3019, 3018, 3017], ""2"": [3017, 3017, 3017, 3018, 3019, 3020, 3022, 3022, 3022, 3022, 3022, 3022, 3022, 3022, 3022, 3022, 3020, 3019, 3018, 3017], ""3"": [3017, 3017, 3017, 3018, 3019, 3020, 3022, 3022, 3022, 3022, 3022, 3022, 3022, 3022, 3022, 3022, 3020, 3019, 3018, 3017], ""4"": [3017, 3017, 3017, 3018, 3019, 3020, 3022, 3022, 3022, 3022, 3022, 3022, 3022, 3022, 3022, 3022, 3020, 3019, 3018, 3017], ""5"": [3017, 3017, 3017, 3018, 3019, 3020, 3022, 3022, 3022, 3022, 3022, 3022, 3022, 3022, 3022, 3022, 3020, 3019, 3018, 3017], ""6"": [3017, 3017, 3017, 3018, 3019, 3020, 3022, 3022, 3022, 3022, 3022, 3022, 3022, 3022, 3022, 3022, 3020, 3019, 3018, 3017], ""7"": [3017, 3017, 3017, 3018, 3019, 3020, 3022, 3022, 3022, 3022, 3022, 3022, 3022, 3022, 3022, 3022, 3020, 3019, 3018, 3017]}",{},"frame = min(count-1, floor(count*progress/duration)); duration from atomic length",Animals/tribe_20_wolves/Sheets/cr_ani_body_00__wolves01/j48_A003_animal_wolf_wait_cry_s408.png,Animals/tribe_20_wolves/Sheets/cr_ani_body_00__wolves01/j48_A003_animal_wolf_wait_cry_s408__shadow_mask.png,"[30, 61]","[41, 32]","[0, 1, 2, 3, 4, 5, 6, 7]",RENDERED,COMPATIBLE,[],PIXEL_CONFIRMED,Animals/tribe_20_wolves/young_job48/metadata.json,Animals/tribe_20_wolves/young_job48/index.html
20,Wolves,animal,48,48,baby_animal,Young Animal,young,[48],405,48,False,atomic,4,animal_wolve_baby_idle,20,[],,,0,,0,animal_wolf_wait_cry,animal_wolf_wait_cry,initial,0,Data\Engine2D\Bin\Bobs\CR_Ani_Body_00.bmd,Data\Engine2D\Bin\Bobs\CR_Ani_Body_00_s.bmd,,,[],wolves01,,declared base palette (ordinal 0 of RNG list),[],"{""0"": [3017, 3017, 3017, 3018, 3019, 3020, 3022, 3022, 3022, 3022, 3022, 3022, 3022, 3022, 3022, 3022, 3020, 3019, 3018, 3017], ""1"": [3017, 3017, 3017, 3018, 3019, 3020, 3022, 3022, 3022, 3022, 3022, 3022, 3022, 3022, 3022, 3022, 3020, 3019, 3018, 3017], ""2"": [3017, 3017, 3017, 3018, 3019, 3020, 3022, 3022, 3022, 3022, 3022, 3022, 3022, 3022, 3022, 3022, 3020, 3019, 3018, 3017], ""3"": [3017, 3017, 3017, 3018, 3019, 3020, 3022, 3022, 3022, 3022, 3022, 3022, 3022, 3022, 3022, 3022, 3020, 3019, 3018, 3017], ""4"": [3017, 3017, 3017, 3018, 3019, 3020, 3022, 3022, 3022, 3022, 3022, 3022, 3022, 3022, 3022, 3022, 3020, 3019, 3018, 3017], ""5"": [3017, 3017, 3017, 3018, 3019, 3020, 3022, 3022, 3022, 3022, 3022, 3022, 3022, 3022, 3022, 3022, 3020, 3019, 3018, 3017], ""6"": [3017, 3017, 3017, 3018, 3019, 3020, 3022, 3022, 3022, 3022, 3022, 3022, 3022, 3022, 3022, 3022, 3020, 3019, 3018, 3017], ""7"": [3017, 3017, 3017, 3018, 3019, 3020, 3022, 3022, 3022, 3022, 3022, 3022, 3022, 3022, 3022, 3022, 3020, 3019, 3018, 3017]}",{},"frame = min(count-1, floor(count*progress/duration)); duration from atomic length",Animals/tribe_20_wolves/Sheets/cr_ani_body_00__wolves01/j48_A004_animal_wolf_wait_cry_s405.png,Animals/tribe_20_wolves/Sheets/cr_ani_body_00__wolves01/j48_A004_animal_wolf_wait_cry_s405__shadow_mask.png,"[30, 61]","[41, 32]","[0, 1, 2, 3, 4, 5, 6, 7]",RENDERED,COMPATIBLE,[],PIXEL_CONFIRMED,Animals/tribe_20_wolves/young_job48/metadata.json,Animals/tribe_20_wolves/young_job48/index.html
20,Wolves,animal,48,48,baby_animal,Young Animal,young,[48],406,48,False,atomic,5,animal_wolve_baby_idle,20,[],,,0,,0,animal_wolf_wait_cry,animal_wolf_wait_cry,initial,0,Data\Engine2D\Bin\Bobs\CR_Ani_Body_00.bmd,Data\Engine2D\Bin\Bobs\CR_Ani_Body_00_s.bmd,,,[],wolves01,,declared base palette (ordinal 0 of RNG list),[],"{""0"": [3017, 3017, 3017, 3018, 3019, 3020, 3022, 3022, 3022, 3022, 3022, 3022, 3022, 3022, 3022, 3022, 3020, 3019, 3018, 3017], ""1"": [3017, 3017, 3017, 3018, 3019, 3020, 3022, 3022, 3022, 3022, 3022, 3022, 3022, 3022, 3022, 3022, 3020, 3019, 3018, 3017], ""2"": [3017, 3017, 3017, 3018, 3019, 3020, 3022, 3022, 3022, 3022, 3022, 3022, 3022, 3022, 3022, 3022, 3020, 3019, 3018, 3017], ""3"": [3017, 3017, 3017, 3018, 3019, 3020, 3022, 3022, 3022, 3022, 3022, 3022, 3022, 3022, 3022, 3022, 3020, 3019, 3018, 3017], ""4"": [3017, 3017, 3017, 3018, 3019, 3020, 3022, 3022, 3022, 3022, 3022, 3022, 3022, 3022, 3022, 3022, 3020, 3019, 3018, 3017], ""5"": [3017, 3017, 3017, 3018, 3019, 3020, 3022, 3022, 3022, 3022, 3022, 3022, 3022, 3022, 3022, 3022, 3020, 3019, 3018, 3017], ""6"": [3017, 3017, 3017, 3018, 3019, 3020, 3022, 3022, 3022, 3022, 3022, 3022, 3022, 3022, 3022, 3022, 3020, 3019, 3018, 3017], ""7"": [3017, 3017, 3017, 3018, 3019, 3020, 3022, 3022, 3022, 3022, 3022, 3022, 3022, 3022, 3022, 3022, 3020, 3019, 3018, 3017]}",{},"frame = min(count-1, floor(count*progress/duration)); duration from atomic length",Animals/tribe_20_wolves/Sheets/cr_ani_body_00__wolves01/j48_A005_animal_wolf_wait_cry_s406.png,Animals/tribe_20_wolves/Sheets/cr_ani_body_00__wolves01/j48_A005_animal_wolf_wait_cry_s406__shadow_mask.png,"[30, 61]","[41, 32]","[0, 1, 2, 3, 4, 5, 6, 7]",RENDERED,COMPATIBLE,[],PIXEL_CONFIRMED,Animals/tribe_20_wolves/young_job48/metadata.json,Animals/tribe_20_wolves/young_job48/index.html
20,Wolves,animal,48,48,baby_animal,Young Animal,young,[48],407,48,False,atomic,6,animal_wolve_baby_idle,20,[],,,0,,0,animal_wolf_wait_cry,animal_wolf_wait_cry,initial,0,Data\Engine2D\Bin\Bobs\CR_Ani_Body_00.bmd,Data\Engine2D\Bin\Bobs\CR_Ani_Body_00_s.bmd,,,[],wolves01,,declared base palette (ordinal 0 of RNG list),[],"{""0"": [3017, 3017, 3017, 3018, 3019, 3020, 3022, 3022, 3022, 3022, 3022, 3022, 3022, 3022, 3022, 3022, 3020, 3019, 3018, 3017], ""1"": [3017, 3017, 3017, 3018, 3019, 3020, 3022, 3022, 3022, 3022, 3022, 3022, 3022, 3022, 3022, 3022, 3020, 3019, 3018, 3017], ""2"": [3017, 3017, 3017, 3018, 3019, 3020, 3022, 3022, 3022, 3022, 3022, 3022, 3022, 3022, 3022, 3022, 3020, 3019, 3018, 3017], ""3"": [3017, 3017, 3017, 3018, 3019, 3020, 3022, 3022, 3022, 3022, 3022, 3022, 3022, 3022, 3022, 3022, 3020, 3019, 3018, 3017], ""4"": [3017, 3017, 3017, 3018, 3019, 3020, 3022, 3022, 3022, 3022, 3022, 3022, 3022, 3022, 3022, 3022, 3020, 3019, 3018, 3017], ""5"": [3017, 3017, 3017, 3018, 3019, 3020, 3022, 3022, 3022, 3022, 3022, 3022, 3022, 3022, 3022, 3022, 3020, 3019, 3018, 3017], ""6"": [3017, 3017, 3017, 3018, 3019, 3020, 3022, 3022, 3022, 3022, 3022, 3022, 3022, 3022, 3022, 3022, 3020, 3019, 3018, 3017], ""7"": [3017, 3017, 3017, 3018, 3019, 3020, 3022, 3022, 3022, 3022, 3022, 3022, 3022, 3022, 3022, 3022, 3020, 3019, 3018, 3017]}",{},"frame = min(count-1, floor(count*progress/duration)); duration from atomic length",Animals/tribe_20_wolves/Sheets/cr_ani_body_00__wolves01/j48_A006_animal_wolf_wait_cry_s407.png,Animals/tribe_20_wolves/Sheets/cr_ani_body_00__wolves01/j48_A006_animal_wolf_wait_cry_s407__shadow_mask.png,"[30, 61]","[41, 32]","[0, 1, 2, 3, 4, 5, 6, 7]",RENDERED,COMPATIBLE,[],PIXEL_CONFIRMED,Animals/tribe_20_wolves/young_job48/metadata.json,Animals/tribe_20_wolves/young_job48/index.html
20,Wolves,animal,48,48,baby_animal,Young Animal,young,[48],409,48,False,atomic,7,animal_wolve_baby_idle,20,[],,,0,,0,animal_wolf_wait_cry,animal_wolf_wait_cry,initial,0,Data\Engine2D\Bin\Bobs\CR_Ani_Body_00.bmd,Data\Engine2D\Bin\Bobs\CR_Ani_Body_00_s.bmd,,,[],wolves01,,declared base palette (ordinal 0 of RNG list),[],"{""0"": [3017, 3017, 3017, 3018, 3019, 3020, 3022, 3022, 3022, 3022, 3022, 3022, 3022, 3022, 3022, 3022, 3020, 3019, 3018, 3017], ""1"": [3017, 3017, 3017, 3018, 3019, 3020, 3022, 3022, 3022, 3022, 3022, 3022, 3022, 3022, 3022, 3022, 3020, 3019, 3018, 3017], ""2"": [3017, 3017, 3017, 3018, 3019, 3020, 3022, 3022, 3022, 3022, 3022, 3022, 3022, 3022, 3022, 3022, 3020, 3019, 3018, 3017], ""3"": [3017, 3017, 3017, 3018, 3019, 3020, 3022, 3022, 3022, 3022, 3022, 3022, 3022, 3022, 3022, 3022, 3020, 3019, 3018, 3017], ""4"": [3017, 3017, 3017, 3018, 3019, 3020, 3022, 3022, 3022, 3022, 3022, 3022, 3022, 3022, 3022, 3022, 3020, 3019, 3018, 3017], ""5"": [3017, 3017, 3017, 3018, 3019, 3020, 3022, 3022, 3022, 3022, 3022, 3022, 3022, 3022, 3022, 3022, 3020, 3019, 3018, 3017], ""6"": [3017, 3017, 3017, 3018, 3019, 3020, 3022, 3022, 3022, 3022, 3022, 3022, 3022, 3022, 3022, 3022, 3020, 3019, 3018, 3017], ""7"": [3017, 3017, 3017, 3018, 3019, 3020, 3022, 3022, 3022, 3022, 3022, 3022, 3022, 3022, 3022, 3022, 3020, 3019, 3018, 3017]}",{},"frame = min(count-1, floor(count*progress/duration)); duration from atomic length",Animals/tribe_20_wolves/Sheets/cr_ani_body_00__wolves01/j48_A007_animal_wolf_wait_cry_s409.png,Animals/tribe_20_wolves/Sheets/cr_ani_body_00__wolves01/j48_A007_animal_wolf_wait_cry_s409__shadow_mask.png,"[30, 61]","[41, 32]","[0, 1, 2, 3, 4, 5, 6, 7]",RENDERED,COMPATIBLE,[],PIXEL_CONFIRMED,Animals/tribe_20_wolves/young_job48/metadata.json,Animals/tribe_20_wolves/young_job48/index.html
20,Wolves,animal,48,48,baby_animal,Young Animal,young,[48],410,48,False,atomic,81,animal_bear_attack,20,"[[1, 34, 101], [6, 25]]",,,0,,0,animal_wolf_attack,animal_wolf_attack,initial,0,Data\Engine2D\Bin\Bobs\CR_Ani_Body_00.bmd,Data\Engine2D\Bin\Bobs\CR_Ani_Body_00_s.bmd,,,[],wolves01,,declared base palette (ordinal 0 of RNG list),[],"{""0"": [2815, 2816, 2817, 2817, 2817, 2817, 2817, 2818, 2819, 2820, 2821, 2822, 2823, 2824, 2825, 2826, 2826, 2826, 2826, 2827, 2828, 2829, 2830, 2831, 2815], ""1"": [2832, 2833, 2834, 2834, 2834, 2834, 2834, 2835, 2836, 2837, 2838, 2839, 2840, 2841, 2842, 2843, 2843, 2843, 2843, 2844, 2845, 2846, 2847, 2848, 2832], ""2"": [2747, 2748, 2749, 2749, 2749, 2749, 2749, 2750, 2751, 2752, 2753, 2754, 2755, 2756, 2757, 2758, 2758, 2758, 2758, 2759, 2760, 2761, 2762, 2763, 2747], ""3"": [2764, 2765, 2766, 2766, 2766, 2766, 2766, 2767, 2768, 2769, 2770, 2771, 2772, 2773, 2774, 2775, 2775, 2775, 2775, 2776, 2777, 2778, 2779, 2780, 2764], ""4"": [2781, 2782, 2783, 2783, 2783, 2783, 2783, 2784, 2785, 2786, 2787, 2788, 2789, 2790, 2791, 2792, 2792, 2792, 2792, 2793, 2794, 2795, 2796, 2797, 2781], ""5"": [2798, 2799, 2800, 2800, 2800, 2800, 2800, 2801, 2802, 2803, 2804, 2805, 2806, 2807, 2808, 2809, 2809, 2809, 2809, 2810, 2811, 2812, 2813, 2814, 2798], ""6"": [2866, 2867, 2868, 2868, 2868, 2868, 2868, 2869, 2870, 2871, 2872, 2873, 2874, 2875, 2876, 2877, 2877, 2877, 2877, 2878, 2879, 2880, 2881, 2882, 2866], ""7"": [2849, 2850, 2851, 2851, 2851, 2851, 2851, 2852, 2853, 2854, 2855, 2856, 2857, 2858, 2859, 2860, 2860, 2860, 2860, 2861, 2862, 2863, 2864, 2865, 2849]}",{},"frame = min(count-1, floor(count*progress/duration)); duration from atomic length",Animals/tribe_20_wolves/Sheets/cr_ani_body_00__wolves01/j48_A081_animal_wolf_attack_s410.png,Animals/tribe_20_wolves/Sheets/cr_ani_body_00__wolves01/j48_A081_animal_wolf_attack_s410__shadow_mask.png,"[120, 90]","[63, 52]","[0, 1, 2, 3, 4, 5, 6, 7]",RENDERED,COMPATIBLE,[],PIXEL_CONFIRMED,Animals/tribe_20_wolves/young_job48/metadata.json,Animals/tribe_20_wolves/young_job48/index.html
20,Wolves,animal,48,48,baby_animal,Young Animal,young,[48],1145,48,False,walk,,,,[],0,,,5,0,animal_wolf_run,animal_wolf_run,initial,0,Data\Engine2D\Bin\Bobs\CR_Ani_Body_00.bmd,Data\Engine2D\Bin\Bobs\CR_Ani_Body_00_s.bmd,,,[],wolves01,,declared base palette (ordinal 0 of RNG list),[],"{""0"": [2935, 2936, 2937, 2938, 2939, 2940, 2941, 2942, 2943, 2944, 2945, 2946, 2947], ""1"": [2948, 2949, 2950, 2951, 2952, 2953, 2954, 2955, 2956, 2957, 2958, 2959, 2960], ""2"": [2883, 2884, 2885, 2886, 2887, 2888, 2889, 2890, 2891, 2892, 2893, 2894, 2895], ""3"": [2896, 2897, 2898, 2899, 2900, 2901, 2902, 2903, 2904, 2905, 2906, 2907, 2908], ""4"": [2909, 2910, 2911, 2912, 2913, 2914, 2915, 2916, 2917, 2918, 2919, 2920, 2921], ""5"": [2922, 2923, 2924, 2925, 2926, 2927, 2928, 2929, 2930, 2931, 2932, 2933, 2934], ""6"": [2974, 2975, 2976, 2977, 2978, 2979, 2980, 2981, 2982, 2983, 2984, 2985, 2986], ""7"": [2961, 2962, 2963, 2964, 2965, 2966, 2967, 2968, 2969, 2970, 2971, 2972, 2973]}",{},frame = frameTick % count (walk; caller frame tick),Animals/tribe_20_wolves/Sheets/cr_ani_body_00__wolves01/j48_W000_speed5_animal_wolf_run_s1145.png,Animals/tribe_20_wolves/Sheets/cr_ani_body_00__wolves01/j48_W000_speed5_animal_wolf_run_s1145__shadow_mask.png,"[74, 72]","[41, 43]","[0, 1, 2, 3, 4, 5, 6, 7]",RENDERED,COMPATIBLE,[],PIXEL_CONFIRMED,Animals/tribe_20_wolves/young_job48/metadata.json,Animals/tribe_20_wolves/young_job48/index.html
20,Wolves,animal,48,48,baby_animal,Young Animal,young,[48],1144,48,False,walk,,,,[],0,,,8,0,animal_wolf_walk,animal_wolf_walk,initial,0,Data\Engine2D\Bin\Bobs\CR_Ani_Body_00.bmd,Data\Engine2D\Bin\Bobs\CR_Ani_Body_00_s.bmd,,,[],wolves01,,declared base palette (ordinal 0 of RNG list),[],"{""0"": [3072, 3073, 3074, 3075, 3076, 3077, 3078, 3079, 3080, 3081, 3082, 3083], ""1"": [3084, 3085, 3086, 3087, 3088, 3089, 3090, 3091, 3092, 3093, 3094, 3095], ""2"": [3024, 3025, 3026, 3027, 3028, 3029, 3030, 3031, 3032, 3033, 3034, 3035], ""3"": [3036, 3037, 3038, 3039, 3040, 3041, 3042, 3043, 3044, 3045, 3046, 3047], ""4"": [3048, 3049, 3050, 3051, 3052, 3053, 3054, 3055, 3056, 3057, 3058, 3059], ""5"": [3060, 3061, 3062, 3063, 3064, 3065, 3066, 3067, 3068, 3069, 3070, 3071], ""6"": [3108, 3109, 3110, 3111, 3112, 3113, 3114, 3115, 3116, 3117, 3118, 3119], ""7"": [3096, 3097, 3098, 3099, 3100, 3101, 3102, 3103, 3104, 3105, 3106, 3107]}",{},frame = frameTick % count (walk; caller frame tick),Animals/tribe_20_wolves/Sheets/cr_ani_body_00__wolves01/j48_W000_speed8_animal_wolf_walk_s1144.png,Animals/tribe_20_wolves/Sheets/cr_ani_body_00__wolves01/j48_W000_speed8_animal_wolf_walk_s1144__shadow_mask.png,"[62, 62]","[35, 39]","[0, 1, 2, 3, 4, 5, 6, 7]",RENDERED,COMPATIBLE,[],PIXEL_CONFIRMED,Animals/tribe_20_wolves/young_job48/metadata.json,Animals/tribe_20_wolves/young_job48/index.html
20,Wolves,animal,49,49,adult_animal,Animal,adult,"[49, 48]",397,49,False,atomic,2,animal_wolve_adult_idle,20,[],,,0,,0,animal_wolf_wait_clean,animal_wolf_wait_clean,initial,0,Data\Engine2D\Bin\Bobs\CR_Ani_Body_00.bmd,Data\Engine2D\Bin\Bobs\CR_Ani_Body_00_s.bmd,,,[],wolves01,,declared base palette (ordinal 0 of RNG list),[],"{""0"": [2999, 3000, 3001, 3002, 3002, 3002, 3002, 3002, 3002, 3002, 3002, 3002, 3002, 3002, 3002, 3002, 3002, 3002, 3002, 3002], ""1"": [2999, 3000, 3001, 3002, 3002, 3002, 3002, 3002, 3002, 3002, 3002, 3002, 3002, 3002, 3002, 3002, 3002, 3002, 3002, 3002], ""2"": [2999, 3000, 3001, 3002, 3002, 3002, 3002, 3002, 3002, 3002, 3002, 3002, 3002, 3002, 3002, 3002, 3002, 3002, 3002, 3002], ""3"": [2999, 3000, 3001, 3002, 3002, 3002, 3002, 3002, 3002, 3002, 3002, 3002, 3002, 3002, 3002, 3002, 3002, 3002, 3002, 3002], ""4"": [2999, 3000, 3001, 3002, 3002, 3002, 3002, 3002, 3002, 3002, 3002, 3002, 3002, 3002, 3002, 3002, 3002, 3002, 3002, 3002], ""5"": [2999, 3000, 3001, 3002, 3002, 3002, 3002, 3002, 3002, 3002, 3002, 3002, 3002, 3002, 3002, 3002, 3002, 3002, 3002, 3002], ""6"": [2999, 3000, 3001, 3002, 3002, 3002, 3002, 3002, 3002, 3002, 3002, 3002, 3002, 3002, 3002, 3002, 3002, 3002, 3002, 3002], ""7"": [2999, 3000, 3001, 3002, 3002, 3002, 3002, 3002, 3002, 3002, 3002, 3002, 3002, 3002, 3002, 3002, 3002, 3002, 3002, 3002]}",{},"frame = min(count-1, floor(count*progress/duration)); duration from atomic length",Animals/tribe_20_wolves/Sheets/cr_ani_body_00__wolves01/j49_A002_animal_wolf_wait_clean_s397.png,Animals/tribe_20_wolves/Sheets/cr_ani_body_00__wolves01/j49_A002_animal_wolf_wait_clean_s397__shadow_mask.png,"[36, 56]","[42, 19]","[0, 1, 2, 3, 4, 5, 6, 7]",RENDERED,COMPATIBLE,[],PIXEL_CONFIRMED,Animals/tribe_20_wolves/adult_job49/metadata.json,Animals/tribe_20_wolves/adult_job49/index.html
20,Wolves,animal,49,49,adult_animal,Animal,adult,"[49, 48]",398,49,False,atomic,3,animal_wolve_adult_idle,20,[],,,0,,0,animal_wolf_wait_cry,animal_wolf_wait_cry,initial,0,Data\Engine2D\Bin\Bobs\CR_Ani_Body_00.bmd,Data\Engine2D\Bin\Bobs\CR_Ani_Body_00_s.bmd,,,[],wolves01,,declared base palette (ordinal 0 of RNG list),[],"{""0"": [3017, 3017, 3017, 3018, 3019, 3020, 3022, 3022, 3022, 3022, 3022, 3022, 3022, 3022, 3022, 3022, 3020, 3019, 3018, 3017], ""1"": [3017, 3017, 3017, 3018, 3019, 3020, 3022, 3022, 3022, 3022, 3022, 3022, 3022, 3022, 3022, 3022, 3020, 3019, 3018, 3017], ""2"": [3017, 3017, 3017, 3018, 3019, 3020, 3022, 3022, 3022, 3022, 3022, 3022, 3022, 3022, 3022, 3022, 3020, 3019, 3018, 3017], ""3"": [3017, 3017, 3017, 3018, 3019, 3020, 3022, 3022, 3022, 3022, 3022, 3022, 3022, 3022, 3022, 3022, 3020, 3019, 3018, 3017], ""4"": [3017, 3017, 3017, 3018, 3019, 3020, 3022, 3022, 3022, 3022, 3022, 3022, 3022, 3022, 3022, 3022, 3020, 3019, 3018, 3017], ""5"": [3017, 3017, 3017, 3018, 3019, 3020, 3022, 3022, 3022, 3022, 3022, 3022, 3022, 3022, 3022, 3022, 3020, 3019, 3018, 3017], ""6"": [3017, 3017, 3017, 3018, 3019, 3020, 3022, 3022, 3022, 3022, 3022, 3022, 3022, 3022, 3022, 3022, 3020, 3019, 3018, 3017], ""7"": [3017, 3017, 3017, 3018, 3019, 3020, 3022, 3022, 3022, 3022, 3022, 3022, 3022, 3022, 3022, 3022, 3020, 3019, 3018, 3017]}",{},"frame = min(count-1, floor(count*progress/duration)); duration from atomic length",Animals/tribe_20_wolves/Sheets/cr_ani_body_00__wolves01/j49_A003_animal_wolf_wait_cry_s398.png,Animals/tribe_20_wolves/Sheets/cr_ani_body_00__wolves01/j49_A003_animal_wolf_wait_cry_s398__shadow_mask.png,"[30, 61]","[41, 32]","[0, 1, 2, 3, 4, 5, 6, 7]",RENDERED,COMPATIBLE,[],PIXEL_CONFIRMED,Animals/tribe_20_wolves/adult_job49/metadata.json,Animals/tribe_20_wolves/adult_job49/index.html
20,Wolves,animal,49,49,adult_animal,Animal,adult,"[49, 48]",399,49,False,atomic,4,animal_wolve_adult_idle,20,[],,,0,,0,animal_wolf_wait_clean,animal_wolf_wait_clean,initial,0,Data\Engine2D\Bin\Bobs\CR_Ani_Body_00.bmd,Data\Engine2D\Bin\Bobs\CR_Ani_Body_00_s.bmd,,,[],wolves01,,declared base palette (ordinal 0 of RNG list),[],"{""0"": [3002], ""1"": [3002], ""2"": [3002], ""3"": [3002], ""4"": [3002], ""5"": [3002], ""6"": [3002], ""7"": [3002]}",{},"frame = min(count-1, floor(count*progress/duration)); duration from atomic length",Animals/tribe_20_wolves/Sheets/cr_ani_body_00__wolves01/j49_A004_animal_wolf_wait_clean_s399.png,Animals/tribe_20_wolves/Sheets/cr_ani_body_00__wolves01/j49_A004_animal_wolf_wait_clean_s399__shadow_mask.png,"[35, 51]","[41, 16]","[0, 1, 2, 3, 4, 5, 6, 7]",RENDERED,COMPATIBLE,[],PIXEL_CONFIRMED,Animals/tribe_20_wolves/adult_job49/metadata.json,Animals/tribe_20_wolves/adult_job49/index.html
20,Wolves,animal,49,49,adult_animal,Animal,adult,"[49, 48]",400,49,False,atomic,5,animal_wolve_adult_idle,20,[],,,0,,0,animal_wolf_wait_cry,animal_wolf_wait_cry,initial,0,Data\Engine2D\Bin\Bobs\CR_Ani_Body_00.bmd,Data\Engine2D\Bin\Bobs\CR_Ani_Body_00_s.bmd,,,[],wolves01,,declared base palette (ordinal 0 of RNG list),[],"{""0"": [3016, 3017, 3018, 3019, 3020, 3020, 3020, 3020, 3020, 3020, 3020, 3019, 3018, 3017, 3016, 3016, 3016, 3016, 3016, 3016, 3016], ""1"": [3016, 3017, 3018, 3019, 3020, 3020, 3020, 3020, 3020, 3020, 3020, 3019, 3018, 3017, 3016, 3016, 3016, 3016, 3016, 3016, 3016], ""2"": [3016, 3017, 3018, 3019, 3020, 3020, 3020, 3020, 3020, 3020, 3020, 3019, 3018, 3017, 3016, 3016, 3016, 3016, 3016, 3016, 3016], ""3"": [3016, 3017, 3018, 3019, 3020, 3020, 3020, 3020, 3020, 3020, 3020, 3019, 3018, 3017, 3016, 3016, 3016, 3016, 3016, 3016, 3016], ""4"": [3016, 3017, 3018, 3019, 3020, 3020, 3020, 3020, 3020, 3020, 3020, 3019, 3018, 3017, 3016, 3016, 3016, 3016, 3016, 3016, 3016], ""5"": [3016, 3017, 3018, 3019, 3020, 3020, 3020, 3020, 3020, 3020, 3020, 3019, 3018, 3017, 3016, 3016, 3016, 3016, 3016, 3016, 3016], ""6"": [3016, 3017, 3018, 3019, 3020, 3020, 3020, 3020, 3020, 3020, 3020, 3019, 3018, 3017, 3016, 3016, 3016, 3016, 3016, 3016, 3016], ""7"": [3016, 3017, 3018, 3019, 3020, 3020, 3020, 3020, 3020, 3020, 3020, 3019, 3018, 3017, 3016, 3016, 3016, 3016, 3016, 3016, 3016]}",{},"frame = min(count-1, floor(count*progress/duration)); duration from atomic length",Animals/tribe_20_wolves/Sheets/cr_ani_body_00__wolves01/j49_A005_animal_wolf_wait_cry_s400.png,Animals/tribe_20_wolves/Sheets/cr_ani_body_00__wolves01/j49_A005_animal_wolf_wait_cry_s400__shadow_mask.png,"[31, 61]","[41, 31]","[0, 1, 2, 3, 4, 5, 6, 7]",RENDERED,COMPATIBLE,[],PIXEL_CONFIRMED,Animals/tribe_20_wolves/adult_job49/metadata.json,Animals/tribe_20_wolves/adult_job49/index.html
20,Wolves,animal,49,49,adult_animal,Animal,adult,"[49, 48]",401,49,False,atomic,6,animal_wolve_adult_idle,20,[],,,0,,0,animal_wolf_wait_clean,animal_wolf_wait_clean,initial,0,Data\Engine2D\Bin\Bobs\CR_Ani_Body_00.bmd,Data\Engine2D\Bin\Bobs\CR_Ani_Body_00_s.bmd,,,[],wolves01,,declared base palette (ordinal 0 of RNG list),[],"{""0"": [3002, 3003, 3004, 3005, 3006, 3007, 3008, 3009, 3010, 3010, 3010, 3011, 3011, 3010, 3010, 3010, 3011, 3011, 3010, 3010, 3011, 3011, 3011, 3010, 3009, 3008, 3007, 3006, 3005, 3004, 3003, 3002], ""1"": [3002, 3003, 3004, 3005, 3006, 3007, 3008, 3009, 3010, 3010, 3010, 3011, 3011, 3010, 3010, 3010, 3011, 3011, 3010, 3010, 3011, 3011, 3011, 3010, 3009, 3008, 3007, 3006, 3005, 3004, 3003, 3002], ""2"": [3002, 3003, 3004, 3005, 3006, 3007, 3008, 3009, 3010, 3010, 3010, 3011, 3011, 3010, 3010, 3010, 3011, 3011, 3010, 3010, 3011, 3011, 3011, 3010, 3009, 3008, 3007, 3006, 3005, 3004, 3003, 3002], ""3"": [3002, 3003, 3004, 3005, 3006, 3007, 3008, 3009, 3010, 3010, 3010, 3011, 3011, 3010, 3010, 3010, 3011, 3011, 3010, 3010, 3011, 3011, 3011, 3010, 3009, 3008, 3007, 3006, 3005, 3004, 3003, 3002], ""4"": [3002, 3003, 3004, 3005, 3006, 3007, 3008, 3009, 3010, 3010, 3010, 3011, 3011, 3010, 3010, 3010, 3011, 3011, 3010, 3010, 3011, 3011, 3011, 3010, 3009, 3008, 3007, 3006, 3005, 3004, 3003, 3002], ""5"": [3002, 3003, 3004, 3005, 3006, 3007, 3008, 3009, 3010, 3010, 3010, 3011, 3011, 3010, 3010, 3010, 3011, 3011, 3010, 3010, 3011, 3011, 3011, 3010, 3009, 3008, 3007, 3006, 3005, 3004, 3003, 3002], ""6"": [3002, 3003, 3004, 3005, 3006, 3007, 3008, 3009, 3010, 3010, 3010, 3011, 3011, 3010, 3010, 3010, 3011, 3011, 3010, 3010, 3011, 3011, 3011, 3010, 3009, 3008, 3007, 3006, 3005, 3004, 3003, 3002], ""7"": [3002, 3003, 3004, 3005, 3006, 3007, 3008, 3009, 3010, 3010, 3010, 3011, 3011, 3010, 3010, 3010, 3011, 3011, 3010, 3010, 3011, 3011, 3011, 3010, 3009, 3008, 3007, 3006, 3005, 3004, 3003, 3002]}",{},"frame = min(count-1, floor(count*progress/duration)); duration from atomic length",Animals/tribe_20_wolves/Sheets/cr_ani_body_00__wolves01/j49_A006_animal_wolf_wait_clean_s401.png,Animals/tribe_20_wolves/Sheets/cr_ani_body_00__wolves01/j49_A006_animal_wolf_wait_clean_s401__shadow_mask.png,"[36, 61]","[42, 20]","[0, 1, 2, 3, 4, 5, 6, 7]",RENDERED,COMPATIBLE,[],PIXEL_CONFIRMED,Animals/tribe_20_wolves/adult_job49/metadata.json,Animals/tribe_20_wolves/adult_job49/index.html
20,Wolves,animal,49,49,adult_animal,Animal,adult,"[49, 48]",402,49,False,atomic,7,animal_wolve_adult_idle,20,[],,,0,,0,animal_wolf_wait_clean,animal_wolf_wait_clean,initial,0,Data\Engine2D\Bin\Bobs\CR_Ani_Body_00.bmd,Data\Engine2D\Bin\Bobs\CR_Ani_Body_00_s.bmd,,,[],wolves01,,declared base palette (ordinal 0 of RNG list),[],"{""0"": [3002], ""1"": [3002], ""2"": [3002], ""3"": [3002], ""4"": [3002], ""5"": [3002], ""6"": [3002], ""7"": [3002]}",{},"frame = min(count-1, floor(count*progress/duration)); duration from atomic length",Animals/tribe_20_wolves/Sheets/cr_ani_body_00__wolves01/j49_A007_animal_wolf_wait_clean_s402.png,Animals/tribe_20_wolves/Sheets/cr_ani_body_00__wolves01/j49_A007_animal_wolf_wait_clean_s402__shadow_mask.png,"[35, 51]","[41, 16]","[0, 1, 2, 3, 4, 5, 6, 7]",RENDERED,COMPATIBLE,[],PIXEL_CONFIRMED,Animals/tribe_20_wolves/adult_job49/metadata.json,Animals/tribe_20_wolves/adult_job49/index.html
20,Wolves,animal,49,49,adult_animal,Animal,adult,"[49, 48]",403,49,False,atomic,9,animal_bear_eat,20,[],,,0,,0,animal_wolf_wait_cry,animal_wolf_wait_cry,initial,0,Data\Engine2D\Bin\Bobs\CR_Ani_Body_00.bmd,Data\Engine2D\Bin\Bobs\CR_Ani_Body_00_s.bmd,,,[],wolves01,,declared base palette (ordinal 0 of RNG list),[],"{""0"": [3016, 3017, 3018, 3019, 3020, 3020, 3020, 3020, 3020, 3020, 3020, 3019, 3018, 3017, 3016, 3016, 3016, 3016, 3016, 3016, 3016], ""1"": [3016, 3017, 3018, 3019, 3020, 3020, 3020, 3020, 3020, 3020, 3020, 3019, 3018, 3017, 3016, 3016, 3016, 3016, 3016, 3016, 3016], ""2"": [3016, 3017, 3018, 3019, 3020, 3020, 3020, 3020, 3020, 3020, 3020, 3019, 3018, 3017, 3016, 3016, 3016, 3016, 3016, 3016, 3016], ""3"": [3016, 3017, 3018, 3019, 3020, 3020, 3020, 3020, 3020, 3020, 3020, 3019, 3018, 3017, 3016, 3016, 3016, 3016, 3016, 3016, 3016], ""4"": [3016, 3017, 3018, 3019, 3020, 3020, 3020, 3020, 3020, 3020, 3020, 3019, 3018, 3017, 3016, 3016, 3016, 3016, 3016, 3016, 3016], ""5"": [3016, 3017, 3018, 3019, 3020, 3020, 3020, 3020, 3020, 3020, 3020, 3019, 3018, 3017, 3016, 3016, 3016, 3016, 3016, 3016, 3016], ""6"": [3016, 3017, 3018, 3019, 3020, 3020, 3020, 3020, 3020, 3020, 3020, 3019, 3018, 3017, 3016, 3016, 3016, 3016, 3016, 3016, 3016], ""7"": [3016, 3017, 3018, 3019, 3020, 3020, 3020, 3020, 3020, 3020, 3020, 3019, 3018, 3017, 3016, 3016, 3016, 3016, 3016, 3016, 3016]}",{},"frame = min(count-1, floor(count*progress/duration)); duration from atomic length",Animals/tribe_20_wolves/Sheets/cr_ani_body_00__wolves01/j49_A009_animal_wolf_wait_cry_s403.png,Animals/tribe_20_wolves/Sheets/cr_ani_body_00__wolves01/j49_A009_animal_wolf_wait_cry_s403__shadow_mask.png,"[31, 61]","[41, 31]","[0, 1, 2, 3, 4, 5, 6, 7]",RENDERED,COMPATIBLE,[],PIXEL_CONFIRMED,Animals/tribe_20_wolves/adult_job49/metadata.json,Animals/tribe_20_wolves/adult_job49/index.html
20,Wolves,animal,49,49,adult_animal,Animal,adult,"[49, 48]",396,49,False,atomic,81,animal_wolve_attack,25,"[[1, 34, 104], [2, 25], [23, 26]]",,,0,,0,animal_wolf_attack,animal_wolf_attack,initial,0,Data\Engine2D\Bin\Bobs\CR_Ani_Body_00.bmd,Data\Engine2D\Bin\Bobs\CR_Ani_Body_00_s.bmd,,,[],wolves01,,declared base palette (ordinal 0 of RNG list),[],"{""0"": [2815, 2816, 2817, 2817, 2817, 2817, 2817, 2818, 2819, 2820, 2821, 2822, 2823, 2824, 2825, 2826, 2826, 2826, 2826, 2827, 2828, 2829, 2830, 2831, 2815], ""1"": [2832, 2833, 2834, 2834, 2834, 2834, 2834, 2835, 2836, 2837, 2838, 2839, 2840, 2841, 2842, 2843, 2843, 2843, 2843, 2844, 2845, 2846, 2847, 2848, 2832], ""2"": [2747, 2748, 2749, 2749, 2749, 2749, 2749, 2750, 2751, 2752, 2753, 2754, 2755, 2756, 2757, 2758, 2758, 2758, 2758, 2759, 2760, 2761, 2762, 2763, 2747], ""3"": [2764, 2765, 2766, 2766, 2766, 2766, 2766, 2767, 2768, 2769, 2770, 2771, 2772, 2773, 2774, 2775, 2775, 2775, 2775, 2776, 2777, 2778, 2779, 2780, 2764], ""4"": [2781, 2782, 2783, 2783, 2783, 2783, 2783, 2784, 2785, 2786, 2787, 2788, 2789, 2790, 2791, 2792, 2792, 2792, 2792, 2793, 2794, 2795, 2796, 2797, 2781], ""5"": [2798, 2799, 2800, 2800, 2800, 2800, 2800, 2801, 2802, 2803, 2804, 2805, 2806, 2807, 2808, 2809, 2809, 2809, 2809, 2810, 2811, 2812, 2813, 2814, 2798], ""6"": [2866, 2867, 2868, 2868, 2868, 2868, 2868, 2869, 2870, 2871, 2872, 2873, 2874, 2875, 2876, 2877, 2877, 2877, 2877, 2878, 2879, 2880, 2881, 2882, 2866], ""7"": [2849, 2850, 2851, 2851, 2851, 2851, 2851, 2852, 2853, 2854, 2855, 2856, 2857, 2858, 2859, 2860, 2860, 2860, 2860, 2861, 2862, 2863, 2864, 2865, 2849]}",{},"frame = min(count-1, floor(count*progress/duration)); duration from atomic length",Animals/tribe_20_wolves/Sheets/cr_ani_body_00__wolves01/j49_A081_animal_wolf_attack_s396.png,Animals/tribe_20_wolves/Sheets/cr_ani_body_00__wolves01/j49_A081_animal_wolf_attack_s396__shadow_mask.png,"[120, 90]","[63, 52]","[0, 1, 2, 3, 4, 5, 6, 7]",RENDERED,COMPATIBLE,[],PIXEL_CONFIRMED,Animals/tribe_20_wolves/adult_job49/metadata.json,Animals/tribe_20_wolves/adult_job49/index.html
20,Wolves,animal,49,49,adult_animal,Animal,adult,"[49, 48]",1143,49,False,walk,,,,[],0,,,5,0,animal_wolf_run,animal_wolf_run,initial,0,Data\Engine2D\Bin\Bobs\CR_Ani_Body_00.bmd,Data\Engine2D\Bin\Bobs\CR_Ani_Body_00_s.bmd,,,[],wolves01,,declared base palette (ordinal 0 of RNG list),[],"{""0"": [2935, 2936, 2937, 2938, 2939, 2940, 2941, 2942, 2943, 2944, 2945, 2946, 2947], ""1"": [2948, 2949, 2950, 2951, 2952, 2953, 2954, 2955, 2956, 2957, 2958, 2959, 2960], ""2"": [2883, 2884, 2885, 2886, 2887, 2888, 2889, 2890, 2891, 2892, 2893, 2894, 2895], ""3"": [2896, 2897, 2898, 2899, 2900, 2901, 2902, 2903, 2904, 2905, 2906, 2907, 2908], ""4"": [2909, 2910, 2911, 2912, 2913, 2914, 2915, 2916, 2917, 2918, 2919, 2920, 2921], ""5"": [2922, 2923, 2924, 2925, 2926, 2927, 2928, 2929, 2930, 2931, 2932, 2933, 2934], ""6"": [2974, 2975, 2976, 2977, 2978, 2979, 2980, 2981, 2982, 2983, 2984, 2985, 2986], ""7"": [2961, 2962, 2963, 2964, 2965, 2966, 2967, 2968, 2969, 2970, 2971, 2972, 2973]}",{},frame = frameTick % count (walk; caller frame tick),Animals/tribe_20_wolves/Sheets/cr_ani_body_00__wolves01/j49_W000_speed5_animal_wolf_run_s1143.png,Animals/tribe_20_wolves/Sheets/cr_ani_body_00__wolves01/j49_W000_speed5_animal_wolf_run_s1143__shadow_mask.png,"[74, 72]","[41, 43]","[0, 1, 2, 3, 4, 5, 6, 7]",RENDERED,COMPATIBLE,[],PIXEL_CONFIRMED,Animals/tribe_20_wolves/adult_job49/metadata.json,Animals/tribe_20_wolves/adult_job49/index.html
20,Wolves,animal,49,49,adult_animal,Animal,adult,"[49, 48]",1142,49,False,walk,,,,[],0,,,8,0,animal_wolf_walk,animal_wolf_walk,initial,0,Data\Engine2D\Bin\Bobs\CR_Ani_Body_00.bmd,Data\Engine2D\Bin\Bobs\CR_Ani_Body_00_s.bmd,,,[],wolves01,,declared base palette (ordinal 0 of RNG list),[],"{""0"": [3072, 3073, 3074, 3075, 3076, 3077, 3078, 3079, 3080, 3081, 3082, 3083], ""1"": [3084, 3085, 3086, 3087, 3088, 3089, 3090, 3091, 3092, 3093, 3094, 3095], ""2"": [3024, 3025, 3026, 3027, 3028, 3029, 3030, 3031, 3032, 3033, 3034, 3035], ""3"": [3036, 3037, 3038, 3039, 3040, 3041, 3042, 3043, 3044, 3045, 3046, 3047], ""4"": [3048, 3049, 3050, 3051, 3052, 3053, 3054, 3055, 3056, 3057, 3058, 3059], ""5"": [3060, 3061, 3062, 3063, 3064, 3065, 3066, 3067, 3068, 3069, 3070, 3071], ""6"": [3108, 3109, 3110, 3111, 3112, 3113, 3114, 3115, 3116, 3117, 3118, 3119], ""7"": [3096, 3097, 3098, 3099, 3100, 3101, 3102, 3103, 3104, 3105, 3106, 3107]}",{},frame = frameTick % count (walk; caller frame tick),Animals/tribe_20_wolves/Sheets/cr_ani_body_00__wolves01/j49_W000_speed8_animal_wolf_walk_s1142.png,Animals/tribe_20_wolves/Sheets/cr_ani_body_00__wolves01/j49_W000_speed8_animal_wolf_walk_s1142__shadow_mask.png,"[62, 62]","[35, 39]","[0, 1, 2, 3, 4, 5, 6, 7]",RENDERED,COMPATIBLE,[],PIXEL_CONFIRMED,Animals/tribe_20_wolves/adult_job49/metadata.json,Animals/tribe_20_wolves/adult_job49/index.html
21,Camels,animal,48,48,baby_animal,Young Animal,young,[48],972,48,False,atomic,2,animal_camel_baby_idle,100,[],,,0,,0,animal_camel_wait,animal_camel_wait,initial,0,Data\Engine2D\Bin\Bobs\CR_Ani_Body_00.bmd,Data\Engine2D\Bin\Bobs\CR_Ani_Body_00_s.bmd,,,[],bear01,,declared base palette (ordinal 0 of RNG list),[],"{""0"": [388], ""1"": [388], ""2"": [381], ""3"": [381], ""4"": [381], ""5"": [388], ""6"": [395], ""7"": [395]}",{},"frame = min(count-1, floor(count*progress/duration)); duration from atomic length",Animals/tribe_21_camels/Sheets/cr_ani_body_00__bear01/j48_A002_animal_camel_wait_s972.png,Animals/tribe_21_camels/Sheets/cr_ani_body_00__bear01/j48_A002_animal_camel_wait_s972__shadow_mask.png,"[54, 91]","[31, 52]","[0, 1, 2, 3, 4, 5, 6, 7]",RENDERED,COMPATIBLE,[],PIXEL_CONFIRMED,Animals/tribe_21_camels/young_job48/metadata.json,Animals/tribe_21_camels/young_job48/index.html
21,Camels,animal,48,48,baby_animal,Young Animal,young,[48],973,48,False,atomic,3,animal_camel_baby_idle,100,[],,,0,,0,animal_camel_wait,animal_camel_wait,initial,0,Data\Engine2D\Bin\Bobs\CR_Ani_Body_00.bmd,Data\Engine2D\Bin\Bobs\CR_Ani_Body_00_s.bmd,,,[],bear01,,declared base palette (ordinal 0 of RNG list),[],"{""0"": [388], ""1"": [388], ""2"": [381], ""3"": [381], ""4"": [381], ""5"": [388], ""6"": [395], ""7"": [395]}",{},"frame = min(count-1, floor(count*progress/duration)); duration from atomic length",Animals/tribe_21_camels/Sheets/cr_ani_body_00__bear01/j48_A003_animal_camel_wait_s973.png,Animals/tribe_21_camels/Sheets/cr_ani_body_00__bear01/j48_A003_animal_camel_wait_s973__shadow_mask.png,"[54, 91]","[31, 52]","[0, 1, 2, 3, 4, 5, 6, 7]",RENDERED,COMPATIBLE,[],PIXEL_CONFIRMED,Animals/tribe_21_camels/young_job48/metadata.json,Animals/tribe_21_camels/young_job48/index.html
21,Camels,animal,48,48,baby_animal,Young Animal,young,[48],974,48,False,atomic,4,animal_camel_baby_idle,100,[],,,0,,0,animal_camel_wait,animal_camel_wait,initial,0,Data\Engine2D\Bin\Bobs\CR_Ani_Body_00.bmd,Data\Engine2D\Bin\Bobs\CR_Ani_Body_00_s.bmd,,,[],bear01,,declared base palette (ordinal 0 of RNG list),[],"{""0"": [388], ""1"": [388], ""2"": [381], ""3"": [381], ""4"": [381], ""5"": [388], ""6"": [395], ""7"": [395]}",{},"frame = min(count-1, floor(count*progress/duration)); duration from atomic length",Animals/tribe_21_camels/Sheets/cr_ani_body_00__bear01/j48_A004_animal_camel_wait_s974.png,Animals/tribe_21_camels/Sheets/cr_ani_body_00__bear01/j48_A004_animal_camel_wait_s974__shadow_mask.png,"[54, 91]","[31, 52]","[0, 1, 2, 3, 4, 5, 6, 7]",RENDERED,COMPATIBLE,[],PIXEL_CONFIRMED,Animals/tribe_21_camels/young_job48/metadata.json,Animals/tribe_21_camels/young_job48/index.html
21,Camels,animal,48,48,baby_animal,Young Animal,young,[48],975,48,False,atomic,5,animal_camel_baby_idle,100,[],,,0,,0,animal_camel_wait,animal_camel_wait,initial,0,Data\Engine2D\Bin\Bobs\CR_Ani_Body_00.bmd,Data\Engine2D\Bin\Bobs\CR_Ani_Body_00_s.bmd,,,[],bear01,,declared base palette (ordinal 0 of RNG list),[],"{""0"": [388], ""1"": [388], ""2"": [381], ""3"": [381], ""4"": [381], ""5"": [388], ""6"": [395], ""7"": [395]}",{},"frame = min(count-1, floor(count*progress/duration)); duration from atomic length",Animals/tribe_21_camels/Sheets/cr_ani_body_00__bear01/j48_A005_animal_camel_wait_s975.png,Animals/tribe_21_camels/Sheets/cr_ani_body_00__bear01/j48_A005_animal_camel_wait_s975__shadow_mask.png,"[54, 91]","[31, 52]","[0, 1, 2, 3, 4, 5, 6, 7]",RENDERED,COMPATIBLE,[],PIXEL_CONFIRMED,Animals/tribe_21_camels/young_job48/metadata.json,Animals/tribe_21_camels/young_job48/index.html
21,Camels,animal,48,48,baby_animal,Young Animal,young,[48],976,48,False,atomic,6,animal_camel_baby_idle,100,[],,,0,,0,animal_camel_wait,animal_camel_wait,initial,0,Data\Engine2D\Bin\Bobs\CR_Ani_Body_00.bmd,Data\Engine2D\Bin\Bobs\CR_Ani_Body_00_s.bmd,,,[],bear01,,declared base palette (ordinal 0 of RNG list),[],"{""0"": [388], ""1"": [388], ""2"": [381], ""3"": [381], ""4"": [381], ""5"": [388], ""6"": [395], ""7"": [395]}",{},"frame = min(count-1, floor(count*progress/duration)); duration from atomic length",Animals/tribe_21_camels/Sheets/cr_ani_body_00__bear01/j48_A006_animal_camel_wait_s976.png,Animals/tribe_21_camels/Sheets/cr_ani_body_00__bear01/j48_A006_animal_camel_wait_s976__shadow_mask.png,"[54, 91]","[31, 52]","[0, 1, 2, 3, 4, 5, 6, 7]",RENDERED,COMPATIBLE,[],PIXEL_CONFIRMED,Animals/tribe_21_camels/young_job48/metadata.json,Animals/tribe_21_camels/young_job48/index.html
21,Camels,animal,48,48,baby_animal,Young Animal,young,[48],977,48,False,atomic,7,animal_camel_baby_idle,100,[],,,0,,0,animal_camel_wait,animal_camel_wait,initial,0,Data\Engine2D\Bin\Bobs\CR_Ani_Body_00.bmd,Data\Engine2D\Bin\Bobs\CR_Ani_Body_00_s.bmd,,,[],bear01,,declared base palette (ordinal 0 of RNG list),[],"{""0"": [388], ""1"": [388], ""2"": [381], ""3"": [381], ""4"": [381], ""5"": [388], ""6"": [395], ""7"": [395]}",{},"frame = min(count-1, floor(count*progress/duration)); duration from atomic length",Animals/tribe_21_camels/Sheets/cr_ani_body_00__bear01/j48_A007_animal_camel_wait_s977.png,Animals/tribe_21_camels/Sheets/cr_ani_body_00__bear01/j48_A007_animal_camel_wait_s977__shadow_mask.png,"[54, 91]","[31, 52]","[0, 1, 2, 3, 4, 5, 6, 7]",RENDERED,COMPATIBLE,[],PIXEL_CONFIRMED,Animals/tribe_21_camels/young_job48/metadata.json,Animals/tribe_21_camels/young_job48/index.html
21,Camels,animal,48,48,baby_animal,Young Animal,young,[48],978,48,False,atomic,9,animal_bear_eat,20,[],,,0,,0,animal_camel_wait,animal_camel_wait,initial,0,Data\Engine2D\Bin\Bobs\CR_Ani_Body_00.bmd,Data\Engine2D\Bin\Bobs\CR_Ani_Body_00_s.bmd,,,[],bear01,,declared base palette (ordinal 0 of RNG list),[],"{""0"": [388], ""1"": [388], ""2"": [381], ""3"": [381], ""4"": [381], ""5"": [388], ""6"": [395], ""7"": [395]}",{},"frame = min(count-1, floor(count*progress/duration)); duration from atomic length",Animals/tribe_21_camels/Sheets/cr_ani_body_00__bear01/j48_A009_animal_camel_wait_s978.png,Animals/tribe_21_camels/Sheets/cr_ani_body_00__bear01/j48_A009_animal_camel_wait_s978__shadow_mask.png,"[54, 91]","[31, 52]","[0, 1, 2, 3, 4, 5, 6, 7]",RENDERED,COMPATIBLE,[],PIXEL_CONFIRMED,Animals/tribe_21_camels/young_job48/metadata.json,Animals/tribe_21_camels/young_job48/index.html
21,Camels,animal,48,48,baby_animal,Young Animal,young,[48],1561,48,False,walk,,,,[],0,,,100000,0,animal_camel_walk,animal_camel_walk,initial,0,Data\Engine2D\Bin\Bobs\CR_Ani_Body_00.bmd,Data\Engine2D\Bin\Bobs\CR_Ani_Body_00_s.bmd,,,[],bear01,,declared base palette (ordinal 0 of RNG list),[],"{""0"": [471, 472, 473, 474, 475, 476, 477, 478, 479, 480, 481, 482], ""1"": [483, 484, 485, 486, 487, 488, 489, 490, 491, 492, 493, 494], ""2"": [423, 424, 425, 426, 427, 428, 429, 430, 431, 432, 433, 434], ""3"": [435, 436, 437, 438, 439, 440, 441, 442, 443, 444, 445, 446], ""4"": [447, 448, 449, 450, 451, 452, 453, 454, 455, 456, 457, 458], ""5"": [459, 460, 461, 462, 463, 464, 465, 466, 467, 468, 469, 470], ""6"": [507, 508, 509, 510, 511, 512, 513, 514, 515, 516, 517, 518], ""7"": [495, 496, 497, 498, 499, 500, 501, 502, 503, 504, 505, 506]}",{},frame = frameTick % count (walk; caller frame tick),Animals/tribe_21_camels/Sheets/cr_ani_body_00__bear01/j48_W000_animal_camel_walk_s1561.png,Animals/tribe_21_camels/Sheets/cr_ani_body_00__bear01/j48_W000_animal_camel_walk_s1561__shadow_mask.png,"[96, 112]","[52, 69]","[0, 1, 2, 3, 4, 5, 6, 7]",RENDERED,COMPATIBLE,[],PIXEL_CONFIRMED,Animals/tribe_21_camels/young_job48/metadata.json,Animals/tribe_21_camels/young_job48/index.html
21,Camels,animal,49,49,adult_animal,Animal,adult,"[49, 48]",755,49,False,atomic,2,animal_camel_adult_idle,100,[],,,0,,0,animal_camel_wait,animal_camel_wait,initial,0,Data\Engine2D\Bin\Bobs\CR_Ani_Body_00.bmd,Data\Engine2D\Bin\Bobs\CR_Ani_Body_00_s.bmd,,,[],bear01,,declared base palette (ordinal 0 of RNG list),[],"{""0"": [388], ""1"": [388], ""2"": [381], ""3"": [381], ""4"": [381], ""5"": [388], ""6"": [395], ""7"": [395]}",{},"frame = min(count-1, floor(count*progress/duration)); duration from atomic length",Animals/tribe_21_camels/Sheets/cr_ani_body_00__bear01/j49_A002_animal_camel_wait_s755.png,Animals/tribe_21_camels/Sheets/cr_ani_body_00__bear01/j49_A002_animal_camel_wait_s755__shadow_mask.png,"[54, 91]","[31, 52]","[0, 1, 2, 3, 4, 5, 6, 7]",RENDERED,COMPATIBLE,[],PIXEL_CONFIRMED,Animals/tribe_21_camels/adult_job49/metadata.json,Animals/tribe_21_camels/adult_job49/index.html
21,Camels,animal,49,49,adult_animal,Animal,adult,"[49, 48]",756,49,False,atomic,3,animal_camel_adult_idle,100,[],,,0,,0,animal_camel_wait,animal_camel_wait,initial,0,Data\Engine2D\Bin\Bobs\CR_Ani_Body_00.bmd,Data\Engine2D\Bin\Bobs\CR_Ani_Body_00_s.bmd,,,[],bear01,,declared base palette (ordinal 0 of RNG list),[],"{""0"": [388], ""1"": [388], ""2"": [381], ""3"": [381], ""4"": [381], ""5"": [388], ""6"": [395], ""7"": [395]}",{},"frame = min(count-1, floor(count*progress/duration)); duration from atomic length",Animals/tribe_21_camels/Sheets/cr_ani_body_00__bear01/j49_A003_animal_camel_wait_s756.png,Animals/tribe_21_camels/Sheets/cr_ani_body_00__bear01/j49_A003_animal_camel_wait_s756__shadow_mask.png,"[54, 91]","[31, 52]","[0, 1, 2, 3, 4, 5, 6, 7]",RENDERED,COMPATIBLE,[],PIXEL_CONFIRMED,Animals/tribe_21_camels/adult_job49/metadata.json,Animals/tribe_21_camels/adult_job49/index.html
21,Camels,animal,49,49,adult_animal,Animal,adult,"[49, 48]",757,49,False,atomic,4,animal_camel_adult_idle,100,[],,,0,,0,animal_camel_wait,animal_camel_wait,initial,0,Data\Engine2D\Bin\Bobs\CR_Ani_Body_00.bmd,Data\Engine2D\Bin\Bobs\CR_Ani_Body_00_s.bmd,,,[],bear01,,declared base palette (ordinal 0 of RNG list),[],"{""0"": [388], ""1"": [388], ""2"": [381], ""3"": [381], ""4"": [381], ""5"": [388], ""6"": [395], ""7"": [395]}",{},"frame = min(count-1, floor(count*progress/duration)); duration from atomic length",Animals/tribe_21_camels/Sheets/cr_ani_body_00__bear01/j49_A004_animal_camel_wait_s757.png,Animals/tribe_21_camels/Sheets/cr_ani_body_00__bear01/j49_A004_animal_camel_wait_s757__shadow_mask.png,"[54, 91]","[31, 52]","[0, 1, 2, 3, 4, 5, 6, 7]",RENDERED,COMPATIBLE,[],PIXEL_CONFIRMED,Animals/tribe_21_camels/adult_job49/metadata.json,Animals/tribe_21_camels/adult_job49/index.html
21,Camels,animal,49,49,adult_animal,Animal,adult,"[49, 48]",758,49,False,atomic,5,animal_camel_adult_idle,100,[],,,0,,0,animal_camel_wait,animal_camel_wait,initial,0,Data\Engine2D\Bin\Bobs\CR_Ani_Body_00.bmd,Data\Engine2D\Bin\Bobs\CR_Ani_Body_00_s.bmd,,,[],bear01,,declared base palette (ordinal 0 of RNG list),[],"{""0"": [388], ""1"": [388], ""2"": [381], ""3"": [381], ""4"": [381], ""5"": [388], ""6"": [395], ""7"": [395]}",{},"frame = min(count-1, floor(count*progress/duration)); duration from atomic length",Animals/tribe_21_camels/Sheets/cr_ani_body_00__bear01/j49_A005_animal_camel_wait_s758.png,Animals/tribe_21_camels/Sheets/cr_ani_body_00__bear01/j49_A005_animal_camel_wait_s758__shadow_mask.png,"[54, 91]","[31, 52]","[0, 1, 2, 3, 4, 5, 6, 7]",RENDERED,COMPATIBLE,[],PIXEL_CONFIRMED,Animals/tribe_21_camels/adult_job49/metadata.json,Animals/tribe_21_camels/adult_job49/index.html
21,Camels,animal,49,49,adult_animal,Animal,adult,"[49, 48]",759,49,False,atomic,6,animal_camel_adult_idle,100,[],,,0,,0,animal_camel_wait,animal_camel_wait,initial,0,Data\Engine2D\Bin\Bobs\CR_Ani_Body_00.bmd,Data\Engine2D\Bin\Bobs\CR_Ani_Body_00_s.bmd,,,[],bear01,,declared base palette (ordinal 0 of RNG list),[],"{""0"": [388], ""1"": [388], ""2"": [381], ""3"": [381], ""4"": [381], ""5"": [388], ""6"": [395], ""7"": [395]}",{},"frame = min(count-1, floor(count*progress/duration)); duration from atomic length",Animals/tribe_21_camels/Sheets/cr_ani_body_00__bear01/j49_A006_animal_camel_wait_s759.png,Animals/tribe_21_camels/Sheets/cr_ani_body_00__bear01/j49_A006_animal_camel_wait_s759__shadow_mask.png,"[54, 91]","[31, 52]","[0, 1, 2, 3, 4, 5, 6, 7]",RENDERED,COMPATIBLE,[],PIXEL_CONFIRMED,Animals/tribe_21_camels/adult_job49/metadata.json,Animals/tribe_21_camels/adult_job49/index.html
21,Camels,animal,49,49,adult_animal,Animal,adult,"[49, 48]",760,49,False,atomic,7,animal_camel_adult_idle,100,[],,,0,,0,animal_camel_wait,animal_camel_wait,initial,0,Data\Engine2D\Bin\Bobs\CR_Ani_Body_00.bmd,Data\Engine2D\Bin\Bobs\CR_Ani_Body_00_s.bmd,,,[],bear01,,declared base palette (ordinal 0 of RNG list),[],"{""0"": [388], ""1"": [388], ""2"": [381], ""3"": [381], ""4"": [381], ""5"": [388], ""6"": [395], ""7"": [395]}",{},"frame = min(count-1, floor(count*progress/duration)); duration from atomic length",Animals/tribe_21_camels/Sheets/cr_ani_body_00__bear01/j49_A007_animal_camel_wait_s760.png,Animals/tribe_21_camels/Sheets/cr_ani_body_00__bear01/j49_A007_animal_camel_wait_s760__shadow_mask.png,"[54, 91]","[31, 52]","[0, 1, 2, 3, 4, 5, 6, 7]",RENDERED,COMPATIBLE,[],PIXEL_CONFIRMED,Animals/tribe_21_camels/adult_job49/metadata.json,Animals/tribe_21_camels/adult_job49/index.html
21,Camels,animal,49,49,adult_animal,Animal,adult,"[49, 48]",761,49,False,atomic,9,animal_bear_eat,20,[],,,0,,0,animal_camel_wait,animal_camel_wait,initial,0,Data\Engine2D\Bin\Bobs\CR_Ani_Body_00.bmd,Data\Engine2D\Bin\Bobs\CR_Ani_Body_00_s.bmd,,,[],bear01,,declared base palette (ordinal 0 of RNG list),[],"{""0"": [388], ""1"": [388], ""2"": [381], ""3"": [381], ""4"": [381], ""5"": [388], ""6"": [395], ""7"": [395]}",{},"frame = min(count-1, floor(count*progress/duration)); duration from atomic length",Animals/tribe_21_camels/Sheets/cr_ani_body_00__bear01/j49_A009_animal_camel_wait_s761.png,Animals/tribe_21_camels/Sheets/cr_ani_body_00__bear01/j49_A009_animal_camel_wait_s761__shadow_mask.png,"[54, 91]","[31, 52]","[0, 1, 2, 3, 4, 5, 6, 7]",RENDERED,COMPATIBLE,[],PIXEL_CONFIRMED,Animals/tribe_21_camels/adult_job49/metadata.json,Animals/tribe_21_camels/adult_job49/index.html
21,Camels,animal,49,49,adult_animal,Animal,adult,"[49, 48]",1525,49,False,walk,,,,[],0,,,100000,0,animal_camel_walk,animal_camel_walk,initial,0,Data\Engine2D\Bin\Bobs\CR_Ani_Body_00.bmd,Data\Engine2D\Bin\Bobs\CR_Ani_Body_00_s.bmd,,,[],bear01,,declared base palette (ordinal 0 of RNG list),[],"{""0"": [471, 472, 473, 474, 475, 476, 477, 478, 479, 480, 481, 482], ""1"": [483, 484, 485, 486, 487, 488, 489, 490, 491, 492, 493, 494], ""2"": [423, 424, 425, 426, 427, 428, 429, 430, 431, 432, 433, 434], ""3"": [435, 436, 437, 438, 439, 440, 441, 442, 443, 444, 445, 446], ""4"": [447, 448, 449, 450, 451, 452, 453, 454, 455, 456, 457, 458], ""5"": [459, 460, 461, 462, 463, 464, 465, 466, 467, 468, 469, 470], ""6"": [507, 508, 509, 510, 511, 512, 513, 514, 515, 516, 517, 518], ""7"": [495, 496, 497, 498, 499, 500, 501, 502, 503, 504, 505, 506]}",{},frame = frameTick % count (walk; caller frame tick),Animals/tribe_21_camels/Sheets/cr_ani_body_00__bear01/j49_W000_animal_camel_walk_s1525.png,Animals/tribe_21_camels/Sheets/cr_ani_body_00__bear01/j49_W000_animal_camel_walk_s1525__shadow_mask.png,"[96, 112]","[52, 69]","[0, 1, 2, 3, 4, 5, 6, 7]",RENDERED,COMPATIBLE,[],PIXEL_CONFIRMED,Animals/tribe_21_camels/adult_job49/metadata.json,Animals/tribe_21_camels/adult_job49/index.html
25,Lions,animal,48,48,baby_animal,Young Animal,young,[48],1002,48,False,atomic,2,animal_lion_male_baby_idle,100,[],,,0,,0,animal_lion_male_walk,animal_lion_male_walk,initial,0,Data\Engine2D\Bin\Bobs\CR_Ani_Body_00.bmd,Data\Engine2D\Bin\Bobs\CR_Ani_Body_00_s.bmd,,,[],LION01,,declared base palette (ordinal 0 of RNG list),[],"{""0"": [2290], ""1"": [2301], ""2"": [2247], ""3"": [2261], ""4"": [2270], ""5"": [2280], ""6"": [2326], ""7"": [2312]}",{},"frame = min(count-1, floor(count*progress/duration)); duration from atomic length",Animals/tribe_25_lions/Sheets/cr_ani_body_00__LION01/j48_A002_animal_lion_male_walk_s1002.png,Animals/tribe_25_lions/Sheets/cr_ani_body_00__LION01/j48_A002_animal_lion_male_walk_s1002__shadow_mask.png,"[88, 64]","[48, 35]","[0, 1, 2, 3, 4, 5, 6, 7]",RENDERED,COMPATIBLE,[],PIXEL_CONFIRMED,Animals/tribe_25_lions/young_job48/metadata.json,Animals/tribe_25_lions/young_job48/index.html
25,Lions,animal,48,48,baby_animal,Young Animal,young,[48],997,48,False,atomic,3,animal_lion_male_baby_idle,100,[],,,0,,0,animal_lion_male_walk,animal_lion_male_walk,initial,0,Data\Engine2D\Bin\Bobs\CR_Ani_Body_00.bmd,Data\Engine2D\Bin\Bobs\CR_Ani_Body_00_s.bmd,,,[],LION01,,declared base palette (ordinal 0 of RNG list),[],"{""0"": [2290], ""1"": [2301], ""2"": [2247], ""3"": [2261], ""4"": [2270], ""5"": [2280], ""6"": [2326], ""7"": [2312]}",{},"frame = min(count-1, floor(count*progress/duration)); duration from atomic length",Animals/tribe_25_lions/Sheets/cr_ani_body_00__LION01/j48_A003_animal_lion_male_walk_s997.png,Animals/tribe_25_lions/Sheets/cr_ani_body_00__LION01/j48_A003_animal_lion_male_walk_s997__shadow_mask.png,"[88, 64]","[48, 35]","[0, 1, 2, 3, 4, 5, 6, 7]",RENDERED,COMPATIBLE,[],PIXEL_CONFIRMED,Animals/tribe_25_lions/young_job48/metadata.json,Animals/tribe_25_lions/young_job48/index.html
25,Lions,animal,48,48,baby_animal,Young Animal,young,[48],998,48,False,atomic,4,animal_lion_male_baby_idle,100,[],,,0,,0,animal_lion_male_walk,animal_lion_male_walk,initial,0,Data\Engine2D\Bin\Bobs\CR_Ani_Body_00.bmd,Data\Engine2D\Bin\Bobs\CR_Ani_Body_00_s.bmd,,,[],LION01,,declared base palette (ordinal 0 of RNG list),[],"{""0"": [2290], ""1"": [2301], ""2"": [2247], ""3"": [2261], ""4"": [2270], ""5"": [2280], ""6"": [2326], ""7"": [2312]}",{},"frame = min(count-1, floor(count*progress/duration)); duration from atomic length",Animals/tribe_25_lions/Sheets/cr_ani_body_00__LION01/j48_A004_animal_lion_male_walk_s998.png,Animals/tribe_25_lions/Sheets/cr_ani_body_00__LION01/j48_A004_animal_lion_male_walk_s998__shadow_mask.png,"[88, 64]","[48, 35]","[0, 1, 2, 3, 4, 5, 6, 7]",RENDERED,COMPATIBLE,[],PIXEL_CONFIRMED,Animals/tribe_25_lions/young_job48/metadata.json,Animals/tribe_25_lions/young_job48/index.html
25,Lions,animal,48,48,baby_animal,Young Animal,young,[48],999,48,False,atomic,5,animal_lion_male_baby_idle,100,[],,,0,,0,animal_lion_male_walk,animal_lion_male_walk,initial,0,Data\Engine2D\Bin\Bobs\CR_Ani_Body_00.bmd,Data\Engine2D\Bin\Bobs\CR_Ani_Body_00_s.bmd,,,[],LION01,,declared base palette (ordinal 0 of RNG list),[],"{""0"": [2290], ""1"": [2301], ""2"": [2247], ""3"": [2261], ""4"": [2270], ""5"": [2280], ""6"": [2326], ""7"": [2312]}",{},"frame = min(count-1, floor(count*progress/duration)); duration from atomic length",Animals/tribe_25_lions/Sheets/cr_ani_body_00__LION01/j48_A005_animal_lion_male_walk_s999.png,Animals/tribe_25_lions/Sheets/cr_ani_body_00__LION01/j48_A005_animal_lion_male_walk_s999__shadow_mask.png,"[88, 64]","[48, 35]","[0, 1, 2, 3, 4, 5, 6, 7]",RENDERED,COMPATIBLE,[],PIXEL_CONFIRMED,Animals/tribe_25_lions/young_job48/metadata.json,Animals/tribe_25_lions/young_job48/index.html
25,Lions,animal,48,48,baby_animal,Young Animal,young,[48],1000,48,False,atomic,6,animal_lion_male_baby_idle,100,[],,,0,,0,animal_lion_male_walk,animal_lion_male_walk,initial,0,Data\Engine2D\Bin\Bobs\CR_Ani_Body_00.bmd,Data\Engine2D\Bin\Bobs\CR_Ani_Body_00_s.bmd,,,[],LION01,,declared base palette (ordinal 0 of RNG list),[],"{""0"": [2290], ""1"": [2301], ""2"": [2247], ""3"": [2261], ""4"": [2270], ""5"": [2280], ""6"": [2326], ""7"": [2312]}",{},"frame = min(count-1, floor(count*progress/duration)); duration from atomic length",Animals/tribe_25_lions/Sheets/cr_ani_body_00__LION01/j48_A006_animal_lion_male_walk_s1000.png,Animals/tribe_25_lions/Sheets/cr_ani_body_00__LION01/j48_A006_animal_lion_male_walk_s1000__shadow_mask.png,"[88, 64]","[48, 35]","[0, 1, 2, 3, 4, 5, 6, 7]",RENDERED,COMPATIBLE,[],PIXEL_CONFIRMED,Animals/tribe_25_lions/young_job48/metadata.json,Animals/tribe_25_lions/young_job48/index.html
25,Lions,animal,48,48,baby_animal,Young Animal,young,[48],1001,48,False,atomic,7,animal_lion_male_baby_idle,100,[],,,0,,0,animal_lion_male_walk,animal_lion_male_walk,initial,0,Data\Engine2D\Bin\Bobs\CR_Ani_Body_00.bmd,Data\Engine2D\Bin\Bobs\CR_Ani_Body_00_s.bmd,,,[],LION01,,declared base palette (ordinal 0 of RNG list),[],"{""0"": [2290], ""1"": [2301], ""2"": [2247], ""3"": [2261], ""4"": [2270], ""5"": [2280], ""6"": [2326], ""7"": [2312]}",{},"frame = min(count-1, floor(count*progress/duration)); duration from atomic length",Animals/tribe_25_lions/Sheets/cr_ani_body_00__LION01/j48_A007_animal_lion_male_walk_s1001.png,Animals/tribe_25_lions/Sheets/cr_ani_body_00__LION01/j48_A007_animal_lion_male_walk_s1001__shadow_mask.png,"[88, 64]","[48, 35]","[0, 1, 2, 3, 4, 5, 6, 7]",RENDERED,COMPATIBLE,[],PIXEL_CONFIRMED,Animals/tribe_25_lions/young_job48/metadata.json,Animals/tribe_25_lions/young_job48/index.html
25,Lions,animal,48,48,baby_animal,Young Animal,young,[48],996,48,False,atomic,9,animal_bear_eat,20,[],,,0,,0,animal_lion_male_wait_clean,animal_lion_male_wait_clean,initial,0,Data\Engine2D\Bin\Bobs\CR_Ani_Body_00.bmd,Data\Engine2D\Bin\Bobs\CR_Ani_Body_00_s.bmd,,,[],LION01,,declared base palette (ordinal 0 of RNG list),[],"{""0"": [2149, 2150, 2151, 2151, 2152, 2153, 2153, 2152, 2151, 2151, 2152, 2153, 2153, 2152, 2151, 2150, 2149, 2149, 2149, 2149], ""1"": [2149, 2150, 2151, 2151, 2152, 2153, 2153, 2152, 2151, 2151, 2152, 2153, 2153, 2152, 2151, 2150, 2149, 2149, 2149, 2149], ""2"": [2149, 2150, 2151, 2151, 2152, 2153, 2153, 2152, 2151, 2151, 2152, 2153, 2153, 2152, 2151, 2150, 2149, 2149, 2149, 2149], ""3"": [2149, 2150, 2151, 2151, 2152, 2153, 2153, 2152, 2151, 2151, 2152, 2153, 2153, 2152, 2151, 2150, 2149, 2149, 2149, 2149], ""4"": [2149, 2150, 2151, 2151, 2152, 2153, 2153, 2152, 2151, 2151, 2152, 2153, 2153, 2152, 2151, 2150, 2149, 2149, 2149, 2149], ""5"": [2149, 2150, 2151, 2151, 2152, 2153, 2153, 2152, 2151, 2151, 2152, 2153, 2153, 2152, 2151, 2150, 2149, 2149, 2149, 2149], ""6"": [2149, 2150, 2151, 2151, 2152, 2153, 2153, 2152, 2151, 2151, 2152, 2153, 2153, 2152, 2151, 2150, 2149, 2149, 2149, 2149], ""7"": [2149, 2150, 2151, 2151, 2152, 2153, 2153, 2152, 2151, 2151, 2152, 2153, 2153, 2152, 2151, 2150, 2149, 2149, 2149, 2149]}",{},"frame = min(count-1, floor(count*progress/duration)); duration from atomic length",Animals/tribe_25_lions/Sheets/cr_ani_body_00__LION01/j48_A009_animal_lion_male_wait_clean_s996.png,Animals/tribe_25_lions/Sheets/cr_ani_body_00__LION01/j48_A009_animal_lion_male_wait_clean_s996__shadow_mask.png,"[33, 63]","[25, 37]","[0, 1, 2, 3, 4, 5, 6, 7]",RENDERED,COMPATIBLE,[],PIXEL_CONFIRMED,Animals/tribe_25_lions/young_job48/metadata.json,Animals/tribe_25_lions/young_job48/index.html
25,Lions,animal,48,48,baby_animal,Young Animal,young,[48],995,48,False,atomic,81,animal_lion_male_attack,25,"[[1, 34, 107], [9, 25], [22, 26]]",,,0,,0,animal_lion_male_attack,animal_lion_male_attack,initial,0,Data\Engine2D\Bin\Bobs\CR_Ani_Body_00.bmd,Data\Engine2D\Bin\Bobs\CR_Ani_Body_00_s.bmd,,,[],LION01,,declared base palette (ordinal 0 of RNG list),[],"{""0"": [1969, 1969, 1969, 1970, 1971, 1971, 1971, 1972, 1973, 1974, 1975, 1976, 1977, 1978, 1979, 1980, 1981, 1982, 1983, 1984, 1985, 1985, 1985, 1969, 1969], ""1"": [1986, 1986, 1986, 1987, 1988, 1988, 1988, 1989, 1990, 1991, 1992, 1993, 1994, 1995, 1996, 1997, 1998, 1999, 2000, 2001, 2002, 2002, 2002, 1986, 1986], ""2"": [1901, 1901, 1901, 1902, 1903, 1903, 1903, 1904, 1905, 1906, 1907, 1908, 1909, 1910, 1911, 1912, 1913, 1914, 1915, 1916, 1917, 1917, 1917, 1901, 1901], ""3"": [1918, 1918, 1918, 1919, 1920, 1920, 1920, 1921, 1922, 1923, 1924, 1925, 1926, 1927, 1928, 1929, 1930, 1931, 1932, 1933, 1934, 1934, 1934, 1918, 1918], ""4"": [1935, 1935, 1935, 1936, 1937, 1937, 1937, 1938, 1939, 1940, 1941, 1942, 1943, 1944, 1945, 1946, 1947, 1948, 1949, 1950, 1951, 1951, 1951, 1935, 1935], ""5"": [1952, 1952, 1952, 1953, 1954, 1954, 1954, 1955, 1956, 1957, 1958, 1959, 1960, 1961, 1962, 1963, 1964, 1965, 1966, 1967, 1968, 1968, 1968, 1952, 1952], ""6"": [2020, 2020, 2020, 2021, 2022, 2022, 2022, 2023, 2024, 2025, 2026, 2027, 2028, 2029, 2030, 2031, 2032, 2033, 2034, 2035, 2036, 2036, 2036, 2020, 2020], ""7"": [2003, 2003, 2003, 2004, 2005, 2005, 2005, 2006, 2007, 2008, 2009, 2010, 2011, 2012, 2013, 2014, 2015, 2016, 2017, 2018, 2019, 2019, 2019, 2003, 2003]}",{},"frame = min(count-1, floor(count*progress/duration)); duration from atomic length",Animals/tribe_25_lions/Sheets/cr_ani_body_00__LION01/j48_A081_animal_lion_male_attack_s995.png,Animals/tribe_25_lions/Sheets/cr_ani_body_00__LION01/j48_A081_animal_lion_male_attack_s995__shadow_mask.png,"[145, 117]","[76, 58]","[0, 1, 2, 3, 4, 5, 6, 7]",RENDERED,COMPATIBLE,[],PIXEL_CONFIRMED,Animals/tribe_25_lions/young_job48/metadata.json,Animals/tribe_25_lions/young_job48/index.html
25,Lions,animal,48,48,baby_animal,Young Animal,young,[48],1562,48,False,walk,,,,[],0,,,100000,0,animal_lion_male_running,animal_lion_male_running,initial,0,Data\Engine2D\Bin\Bobs\CR_Ani_Body_00.bmd,Data\Engine2D\Bin\Bobs\CR_Ani_Body_00_s.bmd,,,[],LION01,,declared base palette (ordinal 0 of RNG list),[],"{""0"": [2093, 2094, 2095, 2096, 2097, 2098, 2099, 2100, 2101, 2102, 2103, 2104, 2105, 2106], ""1"": [2107, 2108, 2109, 2110, 2111, 2112, 2113, 2114, 2115, 2116, 2117, 2118, 2119, 2120], ""2"": [2037, 2038, 2039, 2040, 2041, 2042, 2043, 2044, 2045, 2046, 2047, 2048, 2049, 2050], ""3"": [2051, 2052, 2053, 2054, 2055, 2056, 2057, 2058, 2059, 2060, 2061, 2062, 2063, 2064], ""4"": [2065, 2066, 2067, 2068, 2069, 2070, 2071, 2072, 2073, 2074, 2075, 2076, 2077, 2078], ""5"": [2079, 2080, 2081, 2082, 2083, 2084, 2085, 2086, 2087, 2088, 2089, 2090, 2091, 2092], ""6"": [2135, 2136, 2137, 2138, 2139, 2140, 2141, 2142, 2143, 2144, 2145, 2146, 2147, 2148], ""7"": [2121, 2122, 2123, 2124, 2125, 2126, 2127, 2128, 2129, 2130, 2131, 2132, 2133, 2134]}",{},frame = frameTick % count (walk; caller frame tick),Animals/tribe_25_lions/Sheets/cr_ani_body_00__LION01/j48_W000_animal_lion_male_running_s1562.png,Animals/tribe_25_lions/Sheets/cr_ani_body_00__LION01/j48_W000_animal_lion_male_running_s1562__shadow_mask.png,"[77, 89]","[43, 54]","[0, 1, 2, 3, 4, 5, 6, 7]",RENDERED,COMPATIBLE,[],PIXEL_CONFIRMED,Animals/tribe_25_lions/young_job48/metadata.json,Animals/tribe_25_lions/young_job48/index.html
25,Lions,animal,49,49,adult_animal,Animal,adult,"[49, 48]",753,49,False,atomic,2,animal_lion_male_adult_idle,100,[],,,0,,0,animal_lion_male_walk,animal_lion_male_walk,initial,0,Data\Engine2D\Bin\Bobs\CR_Ani_Body_00.bmd,Data\Engine2D\Bin\Bobs\CR_Ani_Body_00_s.bmd,,,[],LION01,,declared base palette (ordinal 0 of RNG list),[],"{""0"": [2290], ""1"": [2301], ""2"": [2247], ""3"": [2261], ""4"": [2270], ""5"": [2280], ""6"": [2326], ""7"": [2312]}",{},"frame = min(count-1, floor(count*progress/duration)); duration from atomic length",Animals/tribe_25_lions/Sheets/cr_ani_body_00__LION01/j49_A002_animal_lion_male_walk_s753.png,Animals/tribe_25_lions/Sheets/cr_ani_body_00__LION01/j49_A002_animal_lion_male_walk_s753__shadow_mask.png,"[88, 64]","[48, 35]","[0, 1, 2, 3, 4, 5, 6, 7]",RENDERED,COMPATIBLE,[],PIXEL_CONFIRMED,Animals/tribe_25_lions/adult_job49/metadata.json,Animals/tribe_25_lions/adult_job49/index.html
25,Lions,animal,49,49,adult_animal,Animal,adult,"[49, 48]",746,49,False,atomic,3,animal_lion_male_adult_idle,100,[],,,0,,0,animal_lion_male_walk,animal_lion_male_walk,initial,0,Data\Engine2D\Bin\Bobs\CR_Ani_Body_00.bmd,Data\Engine2D\Bin\Bobs\CR_Ani_Body_00_s.bmd,,,[],LION01,,declared base palette (ordinal 0 of RNG list),[],"{""0"": [2290], ""1"": [2301], ""2"": [2247], ""3"": [2261], ""4"": [2270], ""5"": [2280], ""6"": [2326], ""7"": [2312]}",{},"frame = min(count-1, floor(count*progress/duration)); duration from atomic length",Animals/tribe_25_lions/Sheets/cr_ani_body_00__LION01/j49_A003_animal_lion_male_walk_s746.png,Animals/tribe_25_lions/Sheets/cr_ani_body_00__LION01/j49_A003_animal_lion_male_walk_s746__shadow_mask.png,"[88, 64]","[48, 35]","[0, 1, 2, 3, 4, 5, 6, 7]",RENDERED,COMPATIBLE,[],PIXEL_CONFIRMED,Animals/tribe_25_lions/adult_job49/metadata.json,Animals/tribe_25_lions/adult_job49/index.html
25,Lions,animal,49,49,adult_animal,Animal,adult,"[49, 48]",747,49,False,atomic,4,animal_lion_male_adult_idle,100,[],,,0,,0,animal_lion_male_walk,animal_lion_male_walk,initial,0,Data\Engine2D\Bin\Bobs\CR_Ani_Body_00.bmd,Data\Engine2D\Bin\Bobs\CR_Ani_Body_00_s.bmd,,,[],LION01,,declared base palette (ordinal 0 of RNG list),[],"{""0"": [2290], ""1"": [2301], ""2"": [2247], ""3"": [2261], ""4"": [2270], ""5"": [2280], ""6"": [2326], ""7"": [2312]}",{},"frame = min(count-1, floor(count*progress/duration)); duration from atomic length",Animals/tribe_25_lions/Sheets/cr_ani_body_00__LION01/j49_A004_animal_lion_male_walk_s747.png,Animals/tribe_25_lions/Sheets/cr_ani_body_00__LION01/j49_A004_animal_lion_male_walk_s747__shadow_mask.png,"[88, 64]","[48, 35]","[0, 1, 2, 3, 4, 5, 6, 7]",RENDERED,COMPATIBLE,[],PIXEL_CONFIRMED,Animals/tribe_25_lions/adult_job49/metadata.json,Animals/tribe_25_lions/adult_job49/index.html
25,Lions,animal,49,49,adult_animal,Animal,adult,"[49, 48]",748,49,False,atomic,5,animal_lion_male_adult_idle,100,[],,,0,,0,animal_lion_male_walk,animal_lion_male_walk,initial,0,Data\Engine2D\Bin\Bobs\CR_Ani_Body_00.bmd,Data\Engine2D\Bin\Bobs\CR_Ani_Body_00_s.bmd,,,[],LION01,,declared base palette (ordinal 0 of RNG list),[],"{""0"": [2290], ""1"": [2301], ""2"": [2247], ""3"": [2261], ""4"": [2270], ""5"": [2280], ""6"": [2326], ""7"": [2312]}",{},"frame = min(count-1, floor(count*progress/duration)); duration from atomic length",Animals/tribe_25_lions/Sheets/cr_ani_body_00__LION01/j49_A005_animal_lion_male_walk_s748.png,Animals/tribe_25_lions/Sheets/cr_ani_body_00__LION01/j49_A005_animal_lion_male_walk_s748__shadow_mask.png,"[88, 64]","[48, 35]","[0, 1, 2, 3, 4, 5, 6, 7]",RENDERED,COMPATIBLE,[],PIXEL_CONFIRMED,Animals/tribe_25_lions/adult_job49/metadata.json,Animals/tribe_25_lions/adult_job49/index.html
25,Lions,animal,49,49,adult_animal,Animal,adult,"[49, 48]",749,49,False,atomic,6,animal_lion_male_adult_idle,100,[],,,0,,0,animal_lion_male_walk,animal_lion_male_walk,initial,0,Data\Engine2D\Bin\Bobs\CR_Ani_Body_00.bmd,Data\Engine2D\Bin\Bobs\CR_Ani_Body_00_s.bmd,,,[],LION01,,declared base palette (ordinal 0 of RNG list),[],"{""0"": [2290], ""1"": [2301], ""2"": [2247], ""3"": [2261], ""4"": [2270], ""5"": [2280], ""6"": [2326], ""7"": [2312]}",{},"frame = min(count-1, floor(count*progress/duration)); duration from atomic length",Animals/tribe_25_lions/Sheets/cr_ani_body_00__LION01/j49_A006_animal_lion_male_walk_s749.png,Animals/tribe_25_lions/Sheets/cr_ani_body_00__LION01/j49_A006_animal_lion_male_walk_s749__shadow_mask.png,"[88, 64]","[48, 35]","[0, 1, 2, 3, 4, 5, 6, 7]",RENDERED,COMPATIBLE,[],PIXEL_CONFIRMED,Animals/tribe_25_lions/adult_job49/metadata.json,Animals/tribe_25_lions/adult_job49/index.html
25,Lions,animal,49,49,adult_animal,Animal,adult,"[49, 48]",750,49,False,atomic,7,animal_lion_male_adult_idle,100,[],,,0,,0,animal_lion_male_walk,animal_lion_male_walk,initial,0,Data\Engine2D\Bin\Bobs\CR_Ani_Body_00.bmd,Data\Engine2D\Bin\Bobs\CR_Ani_Body_00_s.bmd,,,[],LION01,,declared base palette (ordinal 0 of RNG list),[],"{""0"": [2290], ""1"": [2301], ""2"": [2247], ""3"": [2261], ""4"": [2270], ""5"": [2280], ""6"": [2326], ""7"": [2312]}",{},"frame = min(count-1, floor(count*progress/duration)); duration from atomic length",Animals/tribe_25_lions/Sheets/cr_ani_body_00__LION01/j49_A007_animal_lion_male_walk_s750.png,Animals/tribe_25_lions/Sheets/cr_ani_body_00__LION01/j49_A007_animal_lion_male_walk_s750__shadow_mask.png,"[88, 64]","[48, 35]","[0, 1, 2, 3, 4, 5, 6, 7]",RENDERED,COMPATIBLE,[],PIXEL_CONFIRMED,Animals/tribe_25_lions/adult_job49/metadata.json,Animals/tribe_25_lions/adult_job49/index.html
25,Lions,animal,49,49,adult_animal,Animal,adult,"[49, 48]",752,49,False,atomic,9,animal_bear_eat,20,[],,,0,,0,animal_lion_male_wait_clean,animal_lion_male_wait_clean,initial,0,Data\Engine2D\Bin\Bobs\CR_Ani_Body_00.bmd,Data\Engine2D\Bin\Bobs\CR_Ani_Body_00_s.bmd,,,[],LION01,,declared base palette (ordinal 0 of RNG list),[],"{""0"": [2149, 2150, 2151, 2151, 2152, 2153, 2153, 2152, 2151, 2151, 2152, 2153, 2153, 2152, 2151, 2150, 2149, 2149, 2149, 2149], ""1"": [2149, 2150, 2151, 2151, 2152, 2153, 2153, 2152, 2151, 2151, 2152, 2153, 2153, 2152, 2151, 2150, 2149, 2149, 2149, 2149], ""2"": [2149, 2150, 2151, 2151, 2152, 2153, 2153, 2152, 2151, 2151, 2152, 2153, 2153, 2152, 2151, 2150, 2149, 2149, 2149, 2149], ""3"": [2149, 2150, 2151, 2151, 2152, 2153, 2153, 2152, 2151, 2151, 2152, 2153, 2153, 2152, 2151, 2150, 2149, 2149, 2149, 2149], ""4"": [2149, 2150, 2151, 2151, 2152, 2153, 2153, 2152, 2151, 2151, 2152, 2153, 2153, 2152, 2151, 2150, 2149, 2149, 2149, 2149], ""5"": [2149, 2150, 2151, 2151, 2152, 2153, 2153, 2152, 2151, 2151, 2152, 2153, 2153, 2152, 2151, 2150, 2149, 2149, 2149, 2149], ""6"": [2149, 2150, 2151, 2151, 2152, 2153, 2153, 2152, 2151, 2151, 2152, 2153, 2153, 2152, 2151, 2150, 2149, 2149, 2149, 2149], ""7"": [2149, 2150, 2151, 2151, 2152, 2153, 2153, 2152, 2151, 2151, 2152, 2153, 2153, 2152, 2151, 2150, 2149, 2149, 2149, 2149]}",{},"frame = min(count-1, floor(count*progress/duration)); duration from atomic length",Animals/tribe_25_lions/Sheets/cr_ani_body_00__LION01/j49_A009_animal_lion_male_wait_clean_s752.png,Animals/tribe_25_lions/Sheets/cr_ani_body_00__LION01/j49_A009_animal_lion_male_wait_clean_s752__shadow_mask.png,"[33, 63]","[25, 37]","[0, 1, 2, 3, 4, 5, 6, 7]",RENDERED,COMPATIBLE,[],PIXEL_CONFIRMED,Animals/tribe_25_lions/adult_job49/metadata.json,Animals/tribe_25_lions/adult_job49/index.html
25,Lions,animal,49,49,adult_animal,Animal,adult,"[49, 48]",751,49,False,atomic,81,animal_lion_male_attack,25,"[[1, 34, 107], [9, 25], [22, 26]]",,,0,,0,animal_lion_male_attack,animal_lion_male_attack,initial,0,Data\Engine2D\Bin\Bobs\CR_Ani_Body_00.bmd,Data\Engine2D\Bin\Bobs\CR_Ani_Body_00_s.bmd,,,[],LION01,,declared base palette (ordinal 0 of RNG list),[],"{""0"": [1969, 1969, 1969, 1970, 1971, 1971, 1971, 1972, 1973, 1974, 1975, 1976, 1977, 1978, 1979, 1980, 1981, 1982, 1983, 1984, 1985, 1985, 1985, 1969, 1969], ""1"": [1986, 1986, 1986, 1987, 1988, 1988, 1988, 1989, 1990, 1991, 1992, 1993, 1994, 1995, 1996, 1997, 1998, 1999, 2000, 2001, 2002, 2002, 2002, 1986, 1986], ""2"": [1901, 1901, 1901, 1902, 1903, 1903, 1903, 1904, 1905, 1906, 1907, 1908, 1909, 1910, 1911, 1912, 1913, 1914, 1915, 1916, 1917, 1917, 1917, 1901, 1901], ""3"": [1918, 1918, 1918, 1919, 1920, 1920, 1920, 1921, 1922, 1923, 1924, 1925, 1926, 1927, 1928, 1929, 1930, 1931, 1932, 1933, 1934, 1934, 1934, 1918, 1918], ""4"": [1935, 1935, 1935, 1936, 1937, 1937, 1937, 1938, 1939, 1940, 1941, 1942, 1943, 1944, 1945, 1946, 1947, 1948, 1949, 1950, 1951, 1951, 1951, 1935, 1935], ""5"": [1952, 1952, 1952, 1953, 1954, 1954, 1954, 1955, 1956, 1957, 1958, 1959, 1960, 1961, 1962, 1963, 1964, 1965, 1966, 1967, 1968, 1968, 1968, 1952, 1952], ""6"": [2020, 2020, 2020, 2021, 2022, 2022, 2022, 2023, 2024, 2025, 2026, 2027, 2028, 2029, 2030, 2031, 2032, 2033, 2034, 2035, 2036, 2036, 2036, 2020, 2020], ""7"": [2003, 2003, 2003, 2004, 2005, 2005, 2005, 2006, 2007, 2008, 2009, 2010, 2011, 2012, 2013, 2014, 2015, 2016, 2017, 2018, 2019, 2019, 2019, 2003, 2003]}",{},"frame = min(count-1, floor(count*progress/duration)); duration from atomic length",Animals/tribe_25_lions/Sheets/cr_ani_body_00__LION01/j49_A081_animal_lion_male_attack_s751.png,Animals/tribe_25_lions/Sheets/cr_ani_body_00__LION01/j49_A081_animal_lion_male_attack_s751__shadow_mask.png,"[145, 117]","[76, 58]","[0, 1, 2, 3, 4, 5, 6, 7]",RENDERED,COMPATIBLE,[],PIXEL_CONFIRMED,Animals/tribe_25_lions/adult_job49/metadata.json,Animals/tribe_25_lions/adult_job49/index.html
25,Lions,animal,49,49,adult_animal,Animal,adult,"[49, 48]",1523,49,False,walk,,,,[],0,,,100000,0,animal_lion_male_walk,animal_lion_male_walk,initial,0,Data\Engine2D\Bin\Bobs\CR_Ani_Body_00.bmd,Data\Engine2D\Bin\Bobs\CR_Ani_Body_00_s.bmd,,,[],LION01,,declared base palette (ordinal 0 of RNG list),[],"{""0"": [2287, 2288, 2289, 2290, 2291, 2292, 2293, 2294, 2295, 2296, 2297, 2298], ""1"": [2299, 2300, 2301, 2302, 2303, 2304, 2305, 2306, 2307, 2308, 2309, 2310], ""2"": [2239, 2240, 2241, 2242, 2243, 2244, 2245, 2246, 2247, 2248, 2249, 2250], ""3"": [2251, 2252, 2253, 2254, 2255, 2256, 2257, 2258, 2259, 2260, 2261, 2262], ""4"": [2263, 2264, 2265, 2266, 2267, 2268, 2269, 2270, 2271, 2272, 2273, 2274], ""5"": [2275, 2276, 2277, 2278, 2279, 2280, 2281, 2282, 2283, 2284, 2285, 2286], ""6"": [2323, 2324, 2325, 2326, 2327, 2328, 2329, 2330, 2331, 2332, 2333, 2334], ""7"": [2311, 2312, 2313, 2314, 2315, 2316, 2317, 2318, 2319, 2320, 2321, 2322]}",{},frame = frameTick % count (walk; caller frame tick),Animals/tribe_25_lions/Sheets/cr_ani_body_00__LION01/j49_W000_animal_lion_male_walk_s1523.png,Animals/tribe_25_lions/Sheets/cr_ani_body_00__LION01/j49_W000_animal_lion_male_walk_s1523__shadow_mask.png,"[89, 72]","[48, 36]","[0, 1, 2, 3, 4, 5, 6, 7]",RENDERED,COMPATIBLE,"[""SHADOW_FRAME_EMPTY""]",PIXEL_CONFIRMED,Animals/tribe_25_lions/adult_job49/metadata.json,Animals/tribe_25_lions/adult_job49/index.html
26,Lions,animal,48,48,baby_animal,Young Animal,young,[48],993,48,False,atomic,2,animal_lion_female_baby_idle,100,[],,,0,,0,animal_lion_female_walk,animal_lion_female_walk,initial,0,Data\Engine2D\Bin\Bobs\CR_Ani_Body_00.bmd,Data\Engine2D\Bin\Bobs\CR_Ani_Body_00_s.bmd,,,[],LION01,,declared base palette (ordinal 0 of RNG list),[],"{""0"": [1856], ""1"": [1867], ""2"": [1813], ""3"": [1827], ""4"": [1836], ""5"": [1846], ""6"": [1892], ""7"": [1878]}",{},"frame = min(count-1, floor(count*progress/duration)); duration from atomic length",Animals/tribe_26_lionesses/Sheets/cr_ani_body_00__LION01/j48_A002_animal_lion_female_walk_s993.png,Animals/tribe_26_lionesses/Sheets/cr_ani_body_00__LION01/j48_A002_animal_lion_female_walk_s993__shadow_mask.png,"[75, 60]","[41, 37]","[0, 1, 2, 3, 4, 5, 6, 7]",RENDERED,COMPATIBLE,[],PIXEL_CONFIRMED,Animals/tribe_26_lionesses/young_job48/metadata.json,Animals/tribe_26_lionesses/young_job48/index.html
26,Lions,animal,48,48,baby_animal,Young Animal,young,[48],986,48,False,atomic,3,animal_lion_female_baby_idle,100,[],,,0,,0,animal_lion_female_walk,animal_lion_female_walk,initial,0,Data\Engine2D\Bin\Bobs\CR_Ani_Body_00.bmd,Data\Engine2D\Bin\Bobs\CR_Ani_Body_00_s.bmd,,,[],LION01,,declared base palette (ordinal 0 of RNG list),[],"{""0"": [1856], ""1"": [1867], ""2"": [1813], ""3"": [1827], ""4"": [1836], ""5"": [1846], ""6"": [1892], ""7"": [1878]}",{},"frame = min(count-1, floor(count*progress/duration)); duration from atomic length",Animals/tribe_26_lionesses/Sheets/cr_ani_body_00__LION01/j48_A003_animal_lion_female_walk_s986.png,Animals/tribe_26_lionesses/Sheets/cr_ani_body_00__LION01/j48_A003_animal_lion_female_walk_s986__shadow_mask.png,"[75, 60]","[41, 37]","[0, 1, 2, 3, 4, 5, 6, 7]",RENDERED,COMPATIBLE,[],PIXEL_CONFIRMED,Animals/tribe_26_lionesses/young_job48/metadata.json,Animals/tribe_26_lionesses/young_job48/index.html
26,Lions,animal,48,48,baby_animal,Young Animal,young,[48],987,48,False,atomic,4,animal_lion_female_baby_idle,100,[],,,0,,0,animal_lion_female_walk,animal_lion_female_walk,initial,0,Data\Engine2D\Bin\Bobs\CR_Ani_Body_00.bmd,Data\Engine2D\Bin\Bobs\CR_Ani_Body_00_s.bmd,,,[],LION01,,declared base palette (ordinal 0 of RNG list),[],"{""0"": [1856], ""1"": [1867], ""2"": [1813], ""3"": [1827], ""4"": [1836], ""5"": [1846], ""6"": [1892], ""7"": [1878]}",{},"frame = min(count-1, floor(count*progress/duration)); duration from atomic length",Animals/tribe_26_lionesses/Sheets/cr_ani_body_00__LION01/j48_A004_animal_lion_female_walk_s987.png,Animals/tribe_26_lionesses/Sheets/cr_ani_body_00__LION01/j48_A004_animal_lion_female_walk_s987__shadow_mask.png,"[75, 60]","[41, 37]","[0, 1, 2, 3, 4, 5, 6, 7]",RENDERED,COMPATIBLE,[],PIXEL_CONFIRMED,Animals/tribe_26_lionesses/young_job48/metadata.json,Animals/tribe_26_lionesses/young_job48/index.html
26,Lions,animal,48,48,baby_animal,Young Animal,young,[48],988,48,False,atomic,5,animal_lion_female_baby_idle,100,[],,,0,,0,animal_lion_female_walk,animal_lion_female_walk,initial,0,Data\Engine2D\Bin\Bobs\CR_Ani_Body_00.bmd,Data\Engine2D\Bin\Bobs\CR_Ani_Body_00_s.bmd,,,[],LION01,,declared base palette (ordinal 0 of RNG list),[],"{""0"": [1856], ""1"": [1867], ""2"": [1813], ""3"": [1827], ""4"": [1836], ""5"": [1846], ""6"": [1892], ""7"": [1878]}",{},"frame = min(count-1, floor(count*progress/duration)); duration from atomic length",Animals/tribe_26_lionesses/Sheets/cr_ani_body_00__LION01/j48_A005_animal_lion_female_walk_s988.png,Animals/tribe_26_lionesses/Sheets/cr_ani_body_00__LION01/j48_A005_animal_lion_female_walk_s988__shadow_mask.png,"[75, 60]","[41, 37]","[0, 1, 2, 3, 4, 5, 6, 7]",RENDERED,COMPATIBLE,[],PIXEL_CONFIRMED,Animals/tribe_26_lionesses/young_job48/metadata.json,Animals/tribe_26_lionesses/young_job48/index.html
26,Lions,animal,48,48,baby_animal,Young Animal,young,[48],989,48,False,atomic,6,animal_lion_female_baby_idle,100,[],,,0,,0,animal_lion_female_walk,animal_lion_female_walk,initial,0,Data\Engine2D\Bin\Bobs\CR_Ani_Body_00.bmd,Data\Engine2D\Bin\Bobs\CR_Ani_Body_00_s.bmd,,,[],LION01,,declared base palette (ordinal 0 of RNG list),[],"{""0"": [1856], ""1"": [1867], ""2"": [1813], ""3"": [1827], ""4"": [1836], ""5"": [1846], ""6"": [1892], ""7"": [1878]}",{},"frame = min(count-1, floor(count*progress/duration)); duration from atomic length",Animals/tribe_26_lionesses/Sheets/cr_ani_body_00__LION01/j48_A006_animal_lion_female_walk_s989.png,Animals/tribe_26_lionesses/Sheets/cr_ani_body_00__LION01/j48_A006_animal_lion_female_walk_s989__shadow_mask.png,"[75, 60]","[41, 37]","[0, 1, 2, 3, 4, 5, 6, 7]",RENDERED,COMPATIBLE,[],PIXEL_CONFIRMED,Animals/tribe_26_lionesses/young_job48/metadata.json,Animals/tribe_26_lionesses/young_job48/index.html
26,Lions,animal,48,48,baby_animal,Young Animal,young,[48],990,48,False,atomic,7,animal_lion_female_baby_idle,100,[],,,0,,0,animal_lion_female_walk,animal_lion_female_walk,initial,0,Data\Engine2D\Bin\Bobs\CR_Ani_Body_00.bmd,Data\Engine2D\Bin\Bobs\CR_Ani_Body_00_s.bmd,,,[],LION01,,declared base palette (ordinal 0 of RNG list),[],"{""0"": [1856], ""1"": [1867], ""2"": [1813], ""3"": [1827], ""4"": [1836], ""5"": [1846], ""6"": [1892], ""7"": [1878]}",{},"frame = min(count-1, floor(count*progress/duration)); duration from atomic length",Animals/tribe_26_lionesses/Sheets/cr_ani_body_00__LION01/j48_A007_animal_lion_female_walk_s990.png,Animals/tribe_26_lionesses/Sheets/cr_ani_body_00__LION01/j48_A007_animal_lion_female_walk_s990__shadow_mask.png,"[75, 60]","[41, 37]","[0, 1, 2, 3, 4, 5, 6, 7]",RENDERED,COMPATIBLE,[],PIXEL_CONFIRMED,Animals/tribe_26_lionesses/young_job48/metadata.json,Animals/tribe_26_lionesses/young_job48/index.html
26,Lions,animal,48,48,baby_animal,Young Animal,young,[48],992,48,False,atomic,9,animal_bear_eat,20,[],,,0,,0,animal_lion_female_wait_clean,animal_lion_female_wait_clean,initial,0,Data\Engine2D\Bin\Bobs\CR_Ani_Body_00.bmd,Data\Engine2D\Bin\Bobs\CR_Ani_Body_00_s.bmd,,,[],LION01,,declared base palette (ordinal 0 of RNG list),[],"{""0"": [1715, 1716, 1717, 1717, 1718, 1719, 1719, 1718, 1717, 1717, 1718, 1719, 1719, 1718, 1717, 1716, 1715, 1715, 1715, 1715], ""1"": [1715, 1716, 1717, 1717, 1718, 1719, 1719, 1718, 1717, 1717, 1718, 1719, 1719, 1718, 1717, 1716, 1715, 1715, 1715, 1715], ""2"": [1715, 1716, 1717, 1717, 1718, 1719, 1719, 1718, 1717, 1717, 1718, 1719, 1719, 1718, 1717, 1716, 1715, 1715, 1715, 1715], ""3"": [1715, 1716, 1717, 1717, 1718, 1719, 1719, 1718, 1717, 1717, 1718, 1719, 1719, 1718, 1717, 1716, 1715, 1715, 1715, 1715], ""4"": [1715, 1716, 1717, 1717, 1718, 1719, 1719, 1718, 1717, 1717, 1718, 1719, 1719, 1718, 1717, 1716, 1715, 1715, 1715, 1715], ""5"": [1715, 1716, 1717, 1717, 1718, 1719, 1719, 1718, 1717, 1717, 1718, 1719, 1719, 1718, 1717, 1716, 1715, 1715, 1715, 1715], ""6"": [1715, 1716, 1717, 1717, 1718, 1719, 1719, 1718, 1717, 1717, 1718, 1719, 1719, 1718, 1717, 1716, 1715, 1715, 1715, 1715], ""7"": [1715, 1716, 1717, 1717, 1718, 1719, 1719, 1718, 1717, 1717, 1718, 1719, 1719, 1718, 1717, 1716, 1715, 1715, 1715, 1715]}",{},"frame = min(count-1, floor(count*progress/duration)); duration from atomic length",Animals/tribe_26_lionesses/Sheets/cr_ani_body_00__LION01/j48_A009_animal_lion_female_wait_clean_s992.png,Animals/tribe_26_lionesses/Sheets/cr_ani_body_00__LION01/j48_A009_animal_lion_female_wait_clean_s992__shadow_mask.png,"[57, 44]","[49, 17]","[0, 1, 2, 3, 4, 5, 6, 7]",RENDERED,COMPATIBLE,[],PIXEL_CONFIRMED,Animals/tribe_26_lionesses/young_job48/metadata.json,Animals/tribe_26_lionesses/young_job48/index.html
26,Lions,animal,48,48,baby_animal,Young Animal,young,[48],991,48,False,atomic,81,animal_lion_female_attack,25,"[[1, 34, 107], [9, 25], [22, 26]]",,,0,,0,animal_lion_female_attack,animal_lion_female_attack,initial,0,Data\Engine2D\Bin\Bobs\CR_Ani_Body_00.bmd,Data\Engine2D\Bin\Bobs\CR_Ani_Body_00_s.bmd,,,[],LION01,,declared base palette (ordinal 0 of RNG list),[],"{""0"": [1535, 1535, 1535, 1536, 1537, 1537, 1537, 1538, 1539, 1540, 1541, 1542, 1543, 1544, 1545, 1546, 1547, 1548, 1549, 1550, 1551, 1551, 1551, 1535, 1535], ""1"": [1552, 1552, 1552, 1553, 1554, 1554, 1554, 1555, 1556, 1557, 1558, 1559, 1560, 1561, 1562, 1563, 1564, 1565, 1566, 1567, 1568, 1568, 1568, 1552, 1552], ""2"": [1467, 1467, 1467, 1468, 1469, 1469, 1469, 1470, 1471, 1472, 1473, 1474, 1475, 1476, 1477, 1478, 1479, 1480, 1481, 1482, 1483, 1483, 1483, 1467, 1467], ""3"": [1484, 1484, 1484, 1485, 1486, 1486, 1486, 1487, 1488, 1489, 1490, 1491, 1492, 1493, 1494, 1495, 1496, 1497, 1498, 1499, 1500, 1500, 1500, 1484, 1484], ""4"": [1501, 1501, 1501, 1502, 1503, 1503, 1503, 1504, 1505, 1506, 1507, 1508, 1509, 1510, 1511, 1512, 1513, 1514, 1515, 1516, 1517, 1517, 1517, 1501, 1501], ""5"": [1518, 1518, 1518, 1519, 1520, 1520, 1520, 1521, 1522, 1523, 1524, 1525, 1526, 1527, 1528, 1529, 1530, 1531, 1532, 1533, 1534, 1534, 1534, 1518, 1518], ""6"": [1586, 1586, 1586, 1587, 1588, 1588, 1588, 1589, 1590, 1591, 1592, 1593, 1594, 1595, 1596, 1597, 1598, 1599, 1600, 1601, 1602, 1602, 1602, 1586, 1586], ""7"": [1569, 1569, 1569, 1570, 1571, 1571, 1571, 1572, 1573, 1574, 1575, 1576, 1577, 1578, 1579, 1580, 1581, 1582, 1583, 1584, 1585, 1585, 1585, 1569, 1569]}",{},"frame = min(count-1, floor(count*progress/duration)); duration from atomic length",Animals/tribe_26_lionesses/Sheets/cr_ani_body_00__LION01/j48_A081_animal_lion_female_attack_s991.png,Animals/tribe_26_lionesses/Sheets/cr_ani_body_00__LION01/j48_A081_animal_lion_female_attack_s991__shadow_mask.png,"[142, 114]","[75, 55]","[0, 1, 2, 3, 4, 5, 6, 7]",RENDERED,COMPATIBLE,[],PIXEL_CONFIRMED,Animals/tribe_26_lionesses/young_job48/metadata.json,Animals/tribe_26_lionesses/young_job48/index.html
26,Lions,animal,49,49,adult_animal,Animal,adult,"[49, 48]",744,49,False,atomic,2,animal_lion_female_adult_idle,100,[],,,0,,0,animal_lion_female_walk,animal_lion_female_walk,initial,0,Data\Engine2D\Bin\Bobs\CR_Ani_Body_00.bmd,Data\Engine2D\Bin\Bobs\CR_Ani_Body_00_s.bmd,,,[],LION01,,declared base palette (ordinal 0 of RNG list),[],"{""0"": [1856], ""1"": [1867], ""2"": [1813], ""3"": [1827], ""4"": [1836], ""5"": [1846], ""6"": [1892], ""7"": [1878]}",{},"frame = min(count-1, floor(count*progress/duration)); duration from atomic length",Animals/tribe_26_lionesses/Sheets/cr_ani_body_00__LION01/j49_A002_animal_lion_female_walk_s744.png,Animals/tribe_26_lionesses/Sheets/cr_ani_body_00__LION01/j49_A002_animal_lion_female_walk_s744__shadow_mask.png,"[75, 60]","[41, 37]","[0, 1, 2, 3, 4, 5, 6, 7]",RENDERED,COMPATIBLE,[],PIXEL_CONFIRMED,Animals/tribe_26_lionesses/adult_job49/metadata.json,Animals/tribe_26_lionesses/adult_job49/index.html
26,Lions,animal,49,49,adult_animal,Animal,adult,"[49, 48]",739,49,False,atomic,3,animal_lion_female_adult_idle,100,[],,,0,,0,animal_lion_female_walk,animal_lion_female_walk,initial,0,Data\Engine2D\Bin\Bobs\CR_Ani_Body_00.bmd,Data\Engine2D\Bin\Bobs\CR_Ani_Body_00_s.bmd,,,[],LION01,,declared base palette (ordinal 0 of RNG list),[],"{""0"": [1856], ""1"": [1867], ""2"": [1813], ""3"": [1827], ""4"": [1836], ""5"": [1846], ""6"": [1892], ""7"": [1878]}",{},"frame = min(count-1, floor(count*progress/duration)); duration from atomic length",Animals/tribe_26_lionesses/Sheets/cr_ani_body_00__LION01/j49_A003_animal_lion_female_walk_s739.png,Animals/tribe_26_lionesses/Sheets/cr_ani_body_00__LION01/j49_A003_animal_lion_female_walk_s739__shadow_mask.png,"[75, 60]","[41, 37]","[0, 1, 2, 3, 4, 5, 6, 7]",RENDERED,COMPATIBLE,[],PIXEL_CONFIRMED,Animals/tribe_26_lionesses/adult_job49/metadata.json,Animals/tribe_26_lionesses/adult_job49/index.html
26,Lions,animal,49,49,adult_animal,Animal,adult,"[49, 48]",740,49,False,atomic,4,animal_lion_female_adult_idle,100,[],,,0,,0,animal_lion_female_walk,animal_lion_female_walk,initial,0,Data\Engine2D\Bin\Bobs\CR_Ani_Body_00.bmd,Data\Engine2D\Bin\Bobs\CR_Ani_Body_00_s.bmd,,,[],LION01,,declared base palette (ordinal 0 of RNG list),[],"{""0"": [1856], ""1"": [1867], ""2"": [1813], ""3"": [1827], ""4"": [1836], ""5"": [1846], ""6"": [1892], ""7"": [1878]}",{},"frame = min(count-1, floor(count*progress/duration)); duration from atomic length",Animals/tribe_26_lionesses/Sheets/cr_ani_body_00__LION01/j49_A004_animal_lion_female_walk_s740.png,Animals/tribe_26_lionesses/Sheets/cr_ani_body_00__LION01/j49_A004_animal_lion_female_walk_s740__shadow_mask.png,"[75, 60]","[41, 37]","[0, 1, 2, 3, 4, 5, 6, 7]",RENDERED,COMPATIBLE,[],PIXEL_CONFIRMED,Animals/tribe_26_lionesses/adult_job49/metadata.json,Animals/tribe_26_lionesses/adult_job49/index.html
26,Lions,animal,49,49,adult_animal,Animal,adult,"[49, 48]",741,49,False,atomic,5,animal_lion_female_adult_idle,100,[],,,0,,0,animal_lion_female_walk,animal_lion_female_walk,initial,0,Data\Engine2D\Bin\Bobs\CR_Ani_Body_00.bmd,Data\Engine2D\Bin\Bobs\CR_Ani_Body_00_s.bmd,,,[],LION01,,declared base palette (ordinal 0 of RNG list),[],"{""0"": [1856], ""1"": [1867], ""2"": [1813], ""3"": [1827], ""4"": [1836], ""5"": [1846], ""6"": [1892], ""7"": [1878]}",{},"frame = min(count-1, floor(count*progress/duration)); duration from atomic length",Animals/tribe_26_lionesses/Sheets/cr_ani_body_00__LION01/j49_A005_animal_lion_female_walk_s741.png,Animals/tribe_26_lionesses/Sheets/cr_ani_body_00__LION01/j49_A005_animal_lion_female_walk_s741__shadow_mask.png,"[75, 60]","[41, 37]","[0, 1, 2, 3, 4, 5, 6, 7]",RENDERED,COMPATIBLE,[],PIXEL_CONFIRMED,Animals/tribe_26_lionesses/adult_job49/metadata.json,Animals/tribe_26_lionesses/adult_job49/index.html
26,Lions,animal,49,49,adult_animal,Animal,adult,"[49, 48]",742,49,False,atomic,6,animal_lion_female_adult_idle,100,[],,,0,,0,animal_lion_female_walk,animal_lion_female_walk,initial,0,Data\Engine2D\Bin\Bobs\CR_Ani_Body_00.bmd,Data\Engine2D\Bin\Bobs\CR_Ani_Body_00_s.bmd,,,[],LION01,,declared base palette (ordinal 0 of RNG list),[],"{""0"": [1856], ""1"": [1867], ""2"": [1813], ""3"": [1827], ""4"": [1836], ""5"": [1846], ""6"": [1892], ""7"": [1878]}",{},"frame = min(count-1, floor(count*progress/duration)); duration from atomic length",Animals/tribe_26_lionesses/Sheets/cr_ani_body_00__LION01/j49_A006_animal_lion_female_walk_s742.png,Animals/tribe_26_lionesses/Sheets/cr_ani_body_00__LION01/j49_A006_animal_lion_female_walk_s742__shadow_mask.png,"[75, 60]","[41, 37]","[0, 1, 2, 3, 4, 5, 6, 7]",RENDERED,COMPATIBLE,[],PIXEL_CONFIRMED,Animals/tribe_26_lionesses/adult_job49/metadata.json,Animals/tribe_26_lionesses/adult_job49/index.html
26,Lions,animal,49,49,adult_animal,Animal,adult,"[49, 48]",743,49,False,atomic,7,animal_lion_female_adult_idle,100,[],,,0,,0,animal_lion_female_walk,animal_lion_female_walk,initial,0,Data\Engine2D\Bin\Bobs\CR_Ani_Body_00.bmd,Data\Engine2D\Bin\Bobs\CR_Ani_Body_00_s.bmd,,,[],LION01,,declared base palette (ordinal 0 of RNG list),[],"{""0"": [1856], ""1"": [1867], ""2"": [1813], ""3"": [1827], ""4"": [1836], ""5"": [1846], ""6"": [1892], ""7"": [1878]}",{},"frame = min(count-1, floor(count*progress/duration)); duration from atomic length",Animals/tribe_26_lionesses/Sheets/cr_ani_body_00__LION01/j49_A007_animal_lion_female_walk_s743.png,Animals/tribe_26_lionesses/Sheets/cr_ani_body_00__LION01/j49_A007_animal_lion_female_walk_s743__shadow_mask.png,"[75, 60]","[41, 37]","[0, 1, 2, 3, 4, 5, 6, 7]",RENDERED,COMPATIBLE,[],PIXEL_CONFIRMED,Animals/tribe_26_lionesses/adult_job49/metadata.json,Animals/tribe_26_lionesses/adult_job49/index.html
26,Lions,animal,49,49,adult_animal,Animal,adult,"[49, 48]",738,49,False,atomic,9,animal_bear_eat,20,[],,,0,,0,animal_lion_female_wait_clean,animal_lion_female_wait_clean,initial,0,Data\Engine2D\Bin\Bobs\CR_Ani_Body_00.bmd,Data\Engine2D\Bin\Bobs\CR_Ani_Body_00_s.bmd,,,[],LION01,,declared base palette (ordinal 0 of RNG list),[],"{""0"": [1715, 1716, 1717, 1717, 1718, 1719, 1719, 1718, 1717, 1717, 1718, 1719, 1719, 1718, 1717, 1716, 1715, 1715, 1715, 1715], ""1"": [1715, 1716, 1717, 1717, 1718, 1719, 1719, 1718, 1717, 1717, 1718, 1719, 1719, 1718, 1717, 1716, 1715, 1715, 1715, 1715], ""2"": [1715, 1716, 1717, 1717, 1718, 1719, 1719, 1718, 1717, 1717, 1718, 1719, 1719, 1718, 1717, 1716, 1715, 1715, 1715, 1715], ""3"": [1715, 1716, 1717, 1717, 1718, 1719, 1719, 1718, 1717, 1717, 1718, 1719, 1719, 1718, 1717, 1716, 1715, 1715, 1715, 1715], ""4"": [1715, 1716, 1717, 1717, 1718, 1719, 1719, 1718, 1717, 1717, 1718, 1719, 1719, 1718, 1717, 1716, 1715, 1715, 1715, 1715], ""5"": [1715, 1716, 1717, 1717, 1718, 1719, 1719, 1718, 1717, 1717, 1718, 1719, 1719, 1718, 1717, 1716, 1715, 1715, 1715, 1715], ""6"": [1715, 1716, 1717, 1717, 1718, 1719, 1719, 1718, 1717, 1717, 1718, 1719, 1719, 1718, 1717, 1716, 1715, 1715, 1715, 1715], ""7"": [1715, 1716, 1717, 1717, 1718, 1719, 1719, 1718, 1717, 1717, 1718, 1719, 1719, 1718, 1717, 1716, 1715, 1715, 1715, 1715]}",{},"frame = min(count-1, floor(count*progress/duration)); duration from atomic length",Animals/tribe_26_lionesses/Sheets/cr_ani_body_00__LION01/j49_A009_animal_lion_female_wait_clean_s738.png,Animals/tribe_26_lionesses/Sheets/cr_ani_body_00__LION01/j49_A009_animal_lion_female_wait_clean_s738__shadow_mask.png,"[57, 44]","[49, 17]","[0, 1, 2, 3, 4, 5, 6, 7]",RENDERED,COMPATIBLE,[],PIXEL_CONFIRMED,Animals/tribe_26_lionesses/adult_job49/metadata.json,Animals/tribe_26_lionesses/adult_job49/index.html
26,Lions,animal,49,49,adult_animal,Animal,adult,"[49, 48]",737,49,False,atomic,81,animal_lion_female_attack,25,"[[1, 34, 107], [9, 25], [22, 26]]",,,0,,0,animal_lion_female_attack,animal_lion_female_attack,initial,0,Data\Engine2D\Bin\Bobs\CR_Ani_Body_00.bmd,Data\Engine2D\Bin\Bobs\CR_Ani_Body_00_s.bmd,,,[],LION01,,declared base palette (ordinal 0 of RNG list),[],"{""0"": [1535, 1535, 1535, 1536, 1537, 1537, 1537, 1538, 1539, 1540, 1541, 1542, 1543, 1544, 1545, 1546, 1547, 1548, 1549, 1550, 1551, 1551, 1551, 1535, 1535], ""1"": [1552, 1552, 1552, 1553, 1554, 1554, 1554, 1555, 1556, 1557, 1558, 1559, 1560, 1561, 1562, 1563, 1564, 1565, 1566, 1567, 1568, 1568, 1568, 1552, 1552], ""2"": [1467, 1467, 1467, 1468, 1469, 1469, 1469, 1470, 1471, 1472, 1473, 1474, 1475, 1476, 1477, 1478, 1479, 1480, 1481, 1482, 1483, 1483, 1483, 1467, 1467], ""3"": [1484, 1484, 1484, 1485, 1486, 1486, 1486, 1487, 1488, 1489, 1490, 1491, 1492, 1493, 1494, 1495, 1496, 1497, 1498, 1499, 1500, 1500, 1500, 1484, 1484], ""4"": [1501, 1501, 1501, 1502, 1503, 1503, 1503, 1504, 1505, 1506, 1507, 1508, 1509, 1510, 1511, 1512, 1513, 1514, 1515, 1516, 1517, 1517, 1517, 1501, 1501], ""5"": [1518, 1518, 1518, 1519, 1520, 1520, 1520, 1521, 1522, 1523, 1524, 1525, 1526, 1527, 1528, 1529, 1530, 1531, 1532, 1533, 1534, 1534, 1534, 1518, 1518], ""6"": [1586, 1586, 1586, 1587, 1588, 1588, 1588, 1589, 1590, 1591, 1592, 1593, 1594, 1595, 1596, 1597, 1598, 1599, 1600, 1601, 1602, 1602, 1602, 1586, 1586], ""7"": [1569, 1569, 1569, 1570, 1571, 1571, 1571, 1572, 1573, 1574, 1575, 1576, 1577, 1578, 1579, 1580, 1581, 1582, 1583, 1584, 1585, 1585, 1585, 1569, 1569]}",{},"frame = min(count-1, floor(count*progress/duration)); duration from atomic length",Animals/tribe_26_lionesses/Sheets/cr_ani_body_00__LION01/j49_A081_animal_lion_female_attack_s737.png,Animals/tribe_26_lionesses/Sheets/cr_ani_body_00__LION01/j49_A081_animal_lion_female_attack_s737__shadow_mask.png,"[142, 114]","[75, 55]","[0, 1, 2, 3, 4, 5, 6, 7]",RENDERED,COMPATIBLE,[],PIXEL_CONFIRMED,Animals/tribe_26_lionesses/adult_job49/metadata.json,Animals/tribe_26_lionesses/adult_job49/index.html
26,Lions,animal,49,49,adult_animal,Animal,adult,"[49, 48]",1521,49,False,walk,,,,[],0,,,100000,0,animal_lion_female_walk,animal_lion_female_walk,initial,0,Data\Engine2D\Bin\Bobs\CR_Ani_Body_00.bmd,Data\Engine2D\Bin\Bobs\CR_Ani_Body_00_s.bmd,,,[],LION01,,declared base palette (ordinal 0 of RNG list),[],"{""0"": [1853, 1854, 1855, 1856, 1857, 1858, 1859, 1860, 1861, 1862, 1863, 1864], ""1"": [1865, 1866, 1867, 1868, 1869, 1870, 1871, 1872, 1873, 1874, 1875, 1876], ""2"": [1805, 1806, 1807, 1808, 1809, 1810, 1811, 1812, 1813, 1814, 1815, 1816], ""3"": [1817, 1818, 1819, 1820, 1821, 1822, 1823, 1824, 1825, 1826, 1827, 1828], ""4"": [1829, 1830, 1831, 1832, 1833, 1834, 1835, 1836, 1837, 1838, 1839, 1840], ""5"": [1841, 1842, 1843, 1844, 1845, 1846, 1847, 1848, 1849, 1850, 1851, 1852], ""6"": [1889, 1890, 1891, 1892, 1893, 1894, 1895, 1896, 1897, 1898, 1899, 1900], ""7"": [1877, 1878, 1879, 1880, 1881, 1882, 1883, 1884, 1885, 1886, 1887, 1888]}",{},frame = frameTick % count (walk; caller frame tick),Animals/tribe_26_lionesses/Sheets/cr_ani_body_00__LION01/j49_W000_animal_lion_female_walk_s1521.png,Animals/tribe_26_lionesses/Sheets/cr_ani_body_00__LION01/j49_W000_animal_lion_female_walk_s1521__shadow_mask.png,"[75, 68]","[41, 38]","[0, 1, 2, 3, 4, 5, 6, 7]",RENDERED,COMPATIBLE,"[""SHADOW_FRAME_EMPTY""]",PIXEL_CONFIRMED,Animals/tribe_26_lionesses/adult_job49/metadata.json,Animals/tribe_26_lionesses/adult_job49/index.html
27,Sparrows,animal,48,48,baby_animal,Young Animal,young,[48],241,48,False,atomic,5,animal_sparrow_baby_idle,100,[],,,0,,0,animal_bull_wait,animal_bull_wait,initial,0,Data\Engine2D\Bin\Bobs\CR_Ani_Body_00.bmd,Data\Engine2D\Bin\Bobs\CR_Ani_Body_00_s.bmd,,,[],house01,,declared base palette (ordinal 0 of RNG list),[],"{""0"": [411, 412, 413, 414, 415, 416, 417, 418, 419, 420, 421, 422, 423, 424, 425, 426, 427, 428, 429, 430, 431, 432, 433, 434, 435, 436, 437, 438], ""1"": [243, 244, 245, 246, 247, 248, 249, 250, 251, 252, 253, 254, 255, 256, 257, 258, 259, 260, 261, 262, 263, 264, 265, 266, 267, 268, 269, 270], ""2"": [299, 300, 301, 302, 303, 304, 305, 306, 307, 308, 309, 310, 311, 312, 313, 314, 315, 316, 317, 318, 319, 320, 321, 322, 323, 324, 325, 326], ""3"": [439, 440, 441, 442, 443, 444, 445, 446, 447, 448, 449, 450, 451, 452, 453, 454, 455, 456, 457, 458, 459, 460, 461, 462, 463, 464, 465, 466], ""4"": [327, 328, 329, 330, 331, 332, 333, 334, 335, 336, 337, 338, 339, 340, 341, 342, 343, 344, 345, 346, 347, 348, 349, 350, 351, 352, 353, 354], ""5"": [383, 384, 385, 386, 387, 388, 389, 390, 391, 392, 393, 394, 395, 396, 397, 398, 399, 400, 401, 402, 403, 404, 405, 406, 407, 408, 409, 410], ""6"": [355, 356, 357, 358, 359, 360, 361, 362, 363, 364, 365, 366, 367, 368, 369, 370, 371, 372, 373, 374, 375, 376, 377, 378, 379, 380, 381, 382], ""7"": [271, 272, 273, 274, 275, 276, 277, 278, 279, 280, 281, 282, 283, 284, 285, 286, 287, 288, 289, 290, 291, 292, 293, 294, 295, 296, 297, 298]}",{},"frame = min(count-1, floor(count*progress/duration)); duration from atomic length",Animals/tribe_27_sparrows/Sheets/cr_ani_body_00__house01/j48_A005_animal_bull_wait_s241.png,Animals/tribe_27_sparrows/Sheets/cr_ani_body_00__house01/j48_A005_animal_bull_wait_s241__shadow_mask.png,"[91, 115]","[52, 67]","[0, 1, 2, 3, 4, 5, 6, 7]",RENDERED,COMPATIBLE,[],PIXEL_CONFIRMED,Animals/tribe_27_sparrows/young_job48/metadata.json,Animals/tribe_27_sparrows/young_job48/index.html
27,Sparrows,animal,48,48,baby_animal,Young Animal,young,[48],1109,48,False,walk,,,,[],0,,,100000,0,animal_bull_walk,animal_bull_walk,initial,0,Data\Engine2D\Bin\Bobs\CR_Ani_Body_00.bmd,Data\Engine2D\Bin\Bobs\CR_Ani_Body_00_s.bmd,,,[],house01,,declared base palette (ordinal 0 of RNG list),[],"{""0"": [405, 406, 407, 408, 409, 410, 411, 412, 413, 414, 415, 416, 417, 418, 419, 420, 421, 422, 423, 424], ""1"": [285, 286, 287, 288, 289, 290, 291, 292, 293, 294, 295, 296, 297, 298, 299, 300, 301, 302, 303, 304], ""2"": [325, 326, 327, 328, 329, 330, 331, 332, 333, 334, 335, 336, 337, 338, 339, 340, 341, 342, 343, 344], ""3"": [425, 426, 427, 428, 429, 430, 431, 432, 433, 434, 435, 436, 437, 438, 439, 440, 441, 442, 443, 444], ""4"": [345, 346, 347, 348, 349, 350, 351, 352, 353, 354, 355, 356, 357, 358, 359, 360, 361, 362, 363, 364], ""5"": [385, 386, 387, 388, 389, 390, 391, 392, 393, 394, 395, 396, 397, 398, 399, 400, 401, 402, 403, 404], ""6"": [365, 366, 367, 368, 369, 370, 371, 372, 373, 374, 375, 376, 377, 378, 379, 380, 381, 382, 383, 384], ""7"": [305, 306, 307, 308, 309, 310, 311, 312, 313, 314, 315, 316, 317, 318, 319, 320, 321, 322, 323, 324]}",{},frame = frameTick % count (walk; caller frame tick),Animals/tribe_27_sparrows/Sheets/cr_ani_body_00__house01/j48_W000_animal_bull_walk_s1109.png,Animals/tribe_27_sparrows/Sheets/cr_ani_body_00__house01/j48_W000_animal_bull_walk_s1109__shadow_mask.png,"[91, 103]","[52, 55]","[0, 1, 2, 3, 4, 5, 6, 7]",RENDERED,COMPATIBLE,[],PIXEL_CONFIRMED,Animals/tribe_27_sparrows/young_job48/metadata.json,Animals/tribe_27_sparrows/young_job48/index.html
27,Sparrows,animal,49,49,adult_animal,Animal,adult,"[49, 48]",240,49,False,atomic,5,animal_sparrow_adult_idle,100,[],,,0,,0,animal_bull_wait,animal_bull_wait,initial,0,Data\Engine2D\Bin\Bobs\CR_Ani_Body_00.bmd,Data\Engine2D\Bin\Bobs\CR_Ani_Body_00_s.bmd,,,[],house01,,declared base palette (ordinal 0 of RNG list),[],"{""0"": [411, 412, 413, 414, 415, 416, 417, 418, 419, 420, 421, 422, 423, 424, 425, 426, 427, 428, 429, 430, 431, 432, 433, 434, 435, 436, 437, 438], ""1"": [243, 244, 245, 246, 247, 248, 249, 250, 251, 252, 253, 254, 255, 256, 257, 258, 259, 260, 261, 262, 263, 264, 265, 266, 267, 268, 269, 270], ""2"": [299, 300, 301, 302, 303, 304, 305, 306, 307, 308, 309, 310, 311, 312, 313, 314, 315, 316, 317, 318, 319, 320, 321, 322, 323, 324, 325, 326], ""3"": [439, 440, 441, 442, 443, 444, 445, 446, 447, 448, 449, 450, 451, 452, 453, 454, 455, 456, 457, 458, 459, 460, 461, 462, 463, 464, 465, 466], ""4"": [327, 328, 329, 330, 331, 332, 333, 334, 335, 336, 337, 338, 339, 340, 341, 342, 343, 344, 345, 346, 347, 348, 349, 350, 351, 352, 353, 354], ""5"": [383, 384, 385, 386, 387, 388, 389, 390, 391, 392, 393, 394, 395, 396, 397, 398, 399, 400, 401, 402, 403, 404, 405, 406, 407, 408, 409, 410], ""6"": [355, 356, 357, 358, 359, 360, 361, 362, 363, 364, 365, 366, 367, 368, 369, 370, 371, 372, 373, 374, 375, 376, 377, 378, 379, 380, 381, 382], ""7"": [271, 272, 273, 274, 275, 276, 277, 278, 279, 280, 281, 282, 283, 284, 285, 286, 287, 288, 289, 290, 291, 292, 293, 294, 295, 296, 297, 298]}",{},"frame = min(count-1, floor(count*progress/duration)); duration from atomic length",Animals/tribe_27_sparrows/Sheets/cr_ani_body_00__house01/j49_A005_animal_bull_wait_s240.png,Animals/tribe_27_sparrows/Sheets/cr_ani_body_00__house01/j49_A005_animal_bull_wait_s240__shadow_mask.png,"[91, 115]","[52, 67]","[0, 1, 2, 3, 4, 5, 6, 7]",RENDERED,COMPATIBLE,[],PIXEL_CONFIRMED,Animals/tribe_27_sparrows/adult_job49/metadata.json,Animals/tribe_27_sparrows/adult_job49/index.html
27,Sparrows,animal,49,49,adult_animal,Animal,adult,"[49, 48]",1108,49,False,walk,,,,[],0,,,100000,0,animal_bull_walk,animal_bull_walk,initial,0,Data\Engine2D\Bin\Bobs\CR_Ani_Body_00.bmd,Data\Engine2D\Bin\Bobs\CR_Ani_Body_00_s.bmd,,,[],house01,,declared base palette (ordinal 0 of RNG list),[],"{""0"": [405, 406, 407, 408, 409, 410, 411, 412, 413, 414, 415, 416, 417, 418, 419, 420, 421, 422, 423, 424], ""1"": [285, 286, 287, 288, 289, 290, 291, 292, 293, 294, 295, 296, 297, 298, 299, 300, 301, 302, 303, 304], ""2"": [325, 326, 327, 328, 329, 330, 331, 332, 333, 334, 335, 336, 337, 338, 339, 340, 341, 342, 343, 344], ""3"": [425, 426, 427, 428, 429, 430, 431, 432, 433, 434, 435, 436, 437, 438, 439, 440, 441, 442, 443, 444], ""4"": [345, 346, 347, 348, 349, 350, 351, 352, 353, 354, 355, 356, 357, 358, 359, 360, 361, 362, 363, 364], ""5"": [385, 386, 387, 388, 389, 390, 391, 392, 393, 394, 395, 396, 397, 398, 399, 400, 401, 402, 403, 404], ""6"": [365, 366, 367, 368, 369, 370, 371, 372, 373, 374, 375, 376, 377, 378, 379, 380, 381, 382, 383, 384], ""7"": [305, 306, 307, 308, 309, 310, 311, 312, 313, 314, 315, 316, 317, 318, 319, 320, 321, 322, 323, 324]}",{},frame = frameTick % count (walk; caller frame tick),Animals/tribe_27_sparrows/Sheets/cr_ani_body_00__house01/j49_W000_animal_bull_walk_s1108.png,Animals/tribe_27_sparrows/Sheets/cr_ani_body_00__house01/j49_W000_animal_bull_walk_s1108__shadow_mask.png,"[91, 103]","[52, 55]","[0, 1, 2, 3, 4, 5, 6, 7]",RENDERED,COMPATIBLE,[],PIXEL_CONFIRMED,Animals/tribe_27_sparrows/adult_job49/metadata.json,Animals/tribe_27_sparrows/adult_job49/index.html
28,Ravens,animal,48,48,baby_animal,Young Animal,young,[48],243,48,False,atomic,5,animal_raven_baby_idle,100,[],,,0,,0,animal_bull_wait,animal_bull_wait,initial,0,Data\Engine2D\Bin\Bobs\CR_Ani_Body_00.bmd,Data\Engine2D\Bin\Bobs\CR_Ani_Body_00_s.bmd,,,[],house01,,declared base palette (ordinal 0 of RNG list),[],"{""0"": [411, 412, 413, 414, 415, 416, 417, 418, 419, 420, 421, 422, 423, 424, 425, 426, 427, 428, 429, 430, 431, 432, 433, 434, 435, 436, 437, 438], ""1"": [243, 244, 245, 246, 247, 248, 249, 250, 251, 252, 253, 254, 255, 256, 257, 258, 259, 260, 261, 262, 263, 264, 265, 266, 267, 268, 269, 270], ""2"": [299, 300, 301, 302, 303, 304, 305, 306, 307, 308, 309, 310, 311, 312, 313, 314, 315, 316, 317, 318, 319, 320, 321, 322, 323, 324, 325, 326], ""3"": [439, 440, 441, 442, 443, 444, 445, 446, 447, 448, 449, 450, 451, 452, 453, 454, 455, 456, 457, 458, 459, 460, 461, 462, 463, 464, 465, 466], ""4"": [327, 328, 329, 330, 331, 332, 333, 334, 335, 336, 337, 338, 339, 340, 341, 342, 343, 344, 345, 346, 347, 348, 349, 350, 351, 352, 353, 354], ""5"": [383, 384, 385, 386, 387, 388, 389, 390, 391, 392, 393, 394, 395, 396, 397, 398, 399, 400, 401, 402, 403, 404, 405, 406, 407, 408, 409, 410], ""6"": [355, 356, 357, 358, 359, 360, 361, 362, 363, 364, 365, 366, 367, 368, 369, 370, 371, 372, 373, 374, 375, 376, 377, 378, 379, 380, 381, 382], ""7"": [271, 272, 273, 274, 275, 276, 277, 278, 279, 280, 281, 282, 283, 284, 285, 286, 287, 288, 289, 290, 291, 292, 293, 294, 295, 296, 297, 298]}",{},"frame = min(count-1, floor(count*progress/duration)); duration from atomic length",Animals/tribe_28_ravens/Sheets/cr_ani_body_00__house01/j48_A005_animal_bull_wait_s243.png,Animals/tribe_28_ravens/Sheets/cr_ani_body_00__house01/j48_A005_animal_bull_wait_s243__shadow_mask.png,"[91, 115]","[52, 67]","[0, 1, 2, 3, 4, 5, 6, 7]",RENDERED,COMPATIBLE,[],PIXEL_CONFIRMED,Animals/tribe_28_ravens/young_job48/metadata.json,Animals/tribe_28_ravens/young_job48/index.html
28,Ravens,animal,48,48,baby_animal,Young Animal,young,[48],1111,48,False,walk,,,,[],0,,,100000,0,animal_bull_walk,animal_bull_walk,initial,0,Data\Engine2D\Bin\Bobs\CR_Ani_Body_00.bmd,Data\Engine2D\Bin\Bobs\CR_Ani_Body_00_s.bmd,,,[],house01,,declared base palette (ordinal 0 of RNG list),[],"{""0"": [405, 406, 407, 408, 409, 410, 411, 412, 413, 414, 415, 416, 417, 418, 419, 420, 421, 422, 423, 424], ""1"": [285, 286, 287, 288, 289, 290, 291, 292, 293, 294, 295, 296, 297, 298, 299, 300, 301, 302, 303, 304], ""2"": [325, 326, 327, 328, 329, 330, 331, 332, 333, 334, 335, 336, 337, 338, 339, 340, 341, 342, 343, 344], ""3"": [425, 426, 427, 428, 429, 430, 431, 432, 433, 434, 435, 436, 437, 438, 439, 440, 441, 442, 443, 444], ""4"": [345, 346, 347, 348, 349, 350, 351, 352, 353, 354, 355, 356, 357, 358, 359, 360, 361, 362, 363, 364], ""5"": [385, 386, 387, 388, 389, 390, 391, 392, 393, 394, 395, 396, 397, 398, 399, 400, 401, 402, 403, 404], ""6"": [365, 366, 367, 368, 369, 370, 371, 372, 373, 374, 375, 376, 377, 378, 379, 380, 381, 382, 383, 384], ""7"": [305, 306, 307, 308, 309, 310, 311, 312, 313, 314, 315, 316, 317, 318, 319, 320, 321, 322, 323, 324]}",{},frame = frameTick % count (walk; caller frame tick),Animals/tribe_28_ravens/Sheets/cr_ani_body_00__house01/j48_W000_animal_bull_walk_s1111.png,Animals/tribe_28_ravens/Sheets/cr_ani_body_00__house01/j48_W000_animal_bull_walk_s1111__shadow_mask.png,"[91, 103]","[52, 55]","[0, 1, 2, 3, 4, 5, 6, 7]",RENDERED,COMPATIBLE,[],PIXEL_CONFIRMED,Animals/tribe_28_ravens/young_job48/metadata.json,Animals/tribe_28_ravens/young_job48/index.html
28,Ravens,animal,49,49,adult_animal,Animal,adult,"[49, 48]",242,49,False,atomic,5,animal_raven_adult_idle,100,[],,,0,,0,animal_bull_wait,animal_bull_wait,initial,0,Data\Engine2D\Bin\Bobs\CR_Ani_Body_00.bmd,Data\Engine2D\Bin\Bobs\CR_Ani_Body_00_s.bmd,,,[],house01,,declared base palette (ordinal 0 of RNG list),[],"{""0"": [411, 412, 413, 414, 415, 416, 417, 418, 419, 420, 421, 422, 423, 424, 425, 426, 427, 428, 429, 430, 431, 432, 433, 434, 435, 436, 437, 438], ""1"": [243, 244, 245, 246, 247, 248, 249, 250, 251, 252, 253, 254, 255, 256, 257, 258, 259, 260, 261, 262, 263, 264, 265, 266, 267, 268, 269, 270], ""2"": [299, 300, 301, 302, 303, 304, 305, 306, 307, 308, 309, 310, 311, 312, 313, 314, 315, 316, 317, 318, 319, 320, 321, 322, 323, 324, 325, 326], ""3"": [439, 440, 441, 442, 443, 444, 445, 446, 447, 448, 449, 450, 451, 452, 453, 454, 455, 456, 457, 458, 459, 460, 461, 462, 463, 464, 465, 466], ""4"": [327, 328, 329, 330, 331, 332, 333, 334, 335, 336, 337, 338, 339, 340, 341, 342, 343, 344, 345, 346, 347, 348, 349, 350, 351, 352, 353, 354], ""5"": [383, 384, 385, 386, 387, 388, 389, 390, 391, 392, 393, 394, 395, 396, 397, 398, 399, 400, 401, 402, 403, 404, 405, 406, 407, 408, 409, 410], ""6"": [355, 356, 357, 358, 359, 360, 361, 362, 363, 364, 365, 366, 367, 368, 369, 370, 371, 372, 373, 374, 375, 376, 377, 378, 379, 380, 381, 382], ""7"": [271, 272, 273, 274, 275, 276, 277, 278, 279, 280, 281, 282, 283, 284, 285, 286, 287, 288, 289, 290, 291, 292, 293, 294, 295, 296, 297, 298]}",{},"frame = min(count-1, floor(count*progress/duration)); duration from atomic length",Animals/tribe_28_ravens/Sheets/cr_ani_body_00__house01/j49_A005_animal_bull_wait_s242.png,Animals/tribe_28_ravens/Sheets/cr_ani_body_00__house01/j49_A005_animal_bull_wait_s242__shadow_mask.png,"[91, 115]","[52, 67]","[0, 1, 2, 3, 4, 5, 6, 7]",RENDERED,COMPATIBLE,[],PIXEL_CONFIRMED,Animals/tribe_28_ravens/adult_job49/metadata.json,Animals/tribe_28_ravens/adult_job49/index.html
28,Ravens,animal,49,49,adult_animal,Animal,adult,"[49, 48]",1110,49,False,walk,,,,[],0,,,100000,0,animal_bull_walk,animal_bull_walk,initial,0,Data\Engine2D\Bin\Bobs\CR_Ani_Body_00.bmd,Data\Engine2D\Bin\Bobs\CR_Ani_Body_00_s.bmd,,,[],house01,,declared base palette (ordinal 0 of RNG list),[],"{""0"": [405, 406, 407, 408, 409, 410, 411, 412, 413, 414, 415, 416, 417, 418, 419, 420, 421, 422, 423, 424], ""1"": [285, 286, 287, 288, 289, 290, 291, 292, 293, 294, 295, 296, 297, 298, 299, 300, 301, 302, 303, 304], ""2"": [325, 326, 327, 328, 329, 330, 331, 332, 333, 334, 335, 336, 337, 338, 339, 340, 341, 342, 343, 344], ""3"": [425, 426, 427, 428, 429, 430, 431, 432, 433, 434, 435, 436, 437, 438, 439, 440, 441, 442, 443, 444], ""4"": [345, 346, 347, 348, 349, 350, 351, 352, 353, 354, 355, 356, 357, 358, 359, 360, 361, 362, 363, 364], ""5"": [385, 386, 387, 388, 389, 390, 391, 392, 393, 394, 395, 396, 397, 398, 399, 400, 401, 402, 403, 404], ""6"": [365, 366, 367, 368, 369, 370, 371, 372, 373, 374, 375, 376, 377, 378, 379, 380, 381, 382, 383, 384], ""7"": [305, 306, 307, 308, 309, 310, 311, 312, 313, 314, 315, 316, 317, 318, 319, 320, 321, 322, 323, 324]}",{},frame = frameTick % count (walk; caller frame tick),Animals/tribe_28_ravens/Sheets/cr_ani_body_00__house01/j49_W000_animal_bull_walk_s1110.png,Animals/tribe_28_ravens/Sheets/cr_ani_body_00__house01/j49_W000_animal_bull_walk_s1110__shadow_mask.png,"[91, 103]","[52, 55]","[0, 1, 2, 3, 4, 5, 6, 7]",RENDERED,COMPATIBLE,[],PIXEL_CONFIRMED,Animals/tribe_28_ravens/adult_job49/metadata.json,Animals/tribe_28_ravens/adult_job49/index.html
29,Parrots,animal,48,48,baby_animal,Young Animal,young,[48],245,48,False,atomic,5,animal_parrot_baby_idle,100,[],,,0,,0,animal_bull_wait,animal_bull_wait,initial,0,Data\Engine2D\Bin\Bobs\CR_Ani_Body_00.bmd,Data\Engine2D\Bin\Bobs\CR_Ani_Body_00_s.bmd,,,[],house01,,declared base palette (ordinal 0 of RNG list),[],"{""0"": [411, 412, 413, 414, 415, 416, 417, 418, 419, 420, 421, 422, 423, 424, 425, 426, 427, 428, 429, 430, 431, 432, 433, 434, 435, 436, 437, 438], ""1"": [243, 244, 245, 246, 247, 248, 249, 250, 251, 252, 253, 254, 255, 256, 257, 258, 259, 260, 261, 262, 263, 264, 265, 266, 267, 268, 269, 270], ""2"": [299, 300, 301, 302, 303, 304, 305, 306, 307, 308, 309, 310, 311, 312, 313, 314, 315, 316, 317, 318, 319, 320, 321, 322, 323, 324, 325, 326], ""3"": [439, 440, 441, 442, 443, 444, 445, 446, 447, 448, 449, 450, 451, 452, 453, 454, 455, 456, 457, 458, 459, 460, 461, 462, 463, 464, 465, 466], ""4"": [327, 328, 329, 330, 331, 332, 333, 334, 335, 336, 337, 338, 339, 340, 341, 342, 343, 344, 345, 346, 347, 348, 349, 350, 351, 352, 353, 354], ""5"": [383, 384, 385, 386, 387, 388, 389, 390, 391, 392, 393, 394, 395, 396, 397, 398, 399, 400, 401, 402, 403, 404, 405, 406, 407, 408, 409, 410], ""6"": [355, 356, 357, 358, 359, 360, 361, 362, 363, 364, 365, 366, 367, 368, 369, 370, 371, 372, 373, 374, 375, 376, 377, 378, 379, 380, 381, 382], ""7"": [271, 272, 273, 274, 275, 276, 277, 278, 279, 280, 281, 282, 283, 284, 285, 286, 287, 288, 289, 290, 291, 292, 293, 294, 295, 296, 297, 298]}",{},"frame = min(count-1, floor(count*progress/duration)); duration from atomic length",Animals/tribe_29_parrots/Sheets/cr_ani_body_00__house01/j48_A005_animal_bull_wait_s245.png,Animals/tribe_29_parrots/Sheets/cr_ani_body_00__house01/j48_A005_animal_bull_wait_s245__shadow_mask.png,"[91, 115]","[52, 67]","[0, 1, 2, 3, 4, 5, 6, 7]",RENDERED,COMPATIBLE,[],PIXEL_CONFIRMED,Animals/tribe_29_parrots/young_job48/metadata.json,Animals/tribe_29_parrots/young_job48/index.html
29,Parrots,animal,48,48,baby_animal,Young Animal,young,[48],1113,48,False,walk,,,,[],0,,,100000,0,animal_bull_walk,animal_bull_walk,initial,0,Data\Engine2D\Bin\Bobs\CR_Ani_Body_00.bmd,Data\Engine2D\Bin\Bobs\CR_Ani_Body_00_s.bmd,,,[],house01,,declared base palette (ordinal 0 of RNG list),[],"{""0"": [405, 406, 407, 408, 409, 410, 411, 412, 413, 414, 415, 416, 417, 418, 419, 420, 421, 422, 423, 424], ""1"": [285, 286, 287, 288, 289, 290, 291, 292, 293, 294, 295, 296, 297, 298, 299, 300, 301, 302, 303, 304], ""2"": [325, 326, 327, 328, 329, 330, 331, 332, 333, 334, 335, 336, 337, 338, 339, 340, 341, 342, 343, 344], ""3"": [425, 426, 427, 428, 429, 430, 431, 432, 433, 434, 435, 436, 437, 438, 439, 440, 441, 442, 443, 444], ""4"": [345, 346, 347, 348, 349, 350, 351, 352, 353, 354, 355, 356, 357, 358, 359, 360, 361, 362, 363, 364], ""5"": [385, 386, 387, 388, 389, 390, 391, 392, 393, 394, 395, 396, 397, 398, 399, 400, 401, 402, 403, 404], ""6"": [365, 366, 367, 368, 369, 370, 371, 372, 373, 374, 375, 376, 377, 378, 379, 380, 381, 382, 383, 384], ""7"": [305, 306, 307, 308, 309, 310, 311, 312, 313, 314, 315, 316, 317, 318, 319, 320, 321, 322, 323, 324]}",{},frame = frameTick % count (walk; caller frame tick),Animals/tribe_29_parrots/Sheets/cr_ani_body_00__house01/j48_W000_animal_bull_walk_s1113.png,Animals/tribe_29_parrots/Sheets/cr_ani_body_00__house01/j48_W000_animal_bull_walk_s1113__shadow_mask.png,"[91, 103]","[52, 55]","[0, 1, 2, 3, 4, 5, 6, 7]",RENDERED,COMPATIBLE,[],PIXEL_CONFIRMED,Animals/tribe_29_parrots/young_job48/metadata.json,Animals/tribe_29_parrots/young_job48/index.html
29,Parrots,animal,49,49,adult_animal,Animal,adult,"[49, 48]",244,49,False,atomic,5,animal_parrot_adult_idle,100,[],,,0,,0,animal_bull_wait,animal_bull_wait,initial,0,Data\Engine2D\Bin\Bobs\CR_Ani_Body_00.bmd,Data\Engine2D\Bin\Bobs\CR_Ani_Body_00_s.bmd,,,[],house01,,declared base palette (ordinal 0 of RNG list),[],"{""0"": [411, 412, 413, 414, 415, 416, 417, 418, 419, 420, 421, 422, 423, 424, 425, 426, 427, 428, 429, 430, 431, 432, 433, 434, 435, 436, 437, 438], ""1"": [243, 244, 245, 246, 247, 248, 249, 250, 251, 252, 253, 254, 255, 256, 257, 258, 259, 260, 261, 262, 263, 264, 265, 266, 267, 268, 269, 270], ""2"": [299, 300, 301, 302, 303, 304, 305, 306, 307, 308, 309, 310, 311, 312, 313, 314, 315, 316, 317, 318, 319, 320, 321, 322, 323, 324, 325, 326], ""3"": [439, 440, 441, 442, 443, 444, 445, 446, 447, 448, 449, 450, 451, 452, 453, 454, 455, 456, 457, 458, 459, 460, 461, 462, 463, 464, 465, 466], ""4"": [327, 328, 329, 330, 331, 332, 333, 334, 335, 336, 337, 338, 339, 340, 341, 342, 343, 344, 345, 346, 347, 348, 349, 350, 351, 352, 353, 354], ""5"": [383, 384, 385, 386, 387, 388, 389, 390, 391, 392, 393, 394, 395, 396, 397, 398, 399, 400, 401, 402, 403, 404, 405, 406, 407, 408, 409, 410], ""6"": [355, 356, 357, 358, 359, 360, 361, 362, 363, 364, 365, 366, 367, 368, 369, 370, 371, 372, 373, 374, 375, 376, 377, 378, 379, 380, 381, 382], ""7"": [271, 272, 273, 274, 275, 276, 277, 278, 279, 280, 281, 282, 283, 284, 285, 286, 287, 288, 289, 290, 291, 292, 293, 294, 295, 296, 297, 298]}",{},"frame = min(count-1, floor(count*progress/duration)); duration from atomic length",Animals/tribe_29_parrots/Sheets/cr_ani_body_00__house01/j49_A005_animal_bull_wait_s244.png,Animals/tribe_29_parrots/Sheets/cr_ani_body_00__house01/j49_A005_animal_bull_wait_s244__shadow_mask.png,"[91, 115]","[52, 67]","[0, 1, 2, 3, 4, 5, 6, 7]",RENDERED,COMPATIBLE,[],PIXEL_CONFIRMED,Animals/tribe_29_parrots/adult_job49/metadata.json,Animals/tribe_29_parrots/adult_job49/index.html
29,Parrots,animal,49,49,adult_animal,Animal,adult,"[49, 48]",1112,49,False,walk,,,,[],0,,,100000,0,animal_bull_walk,animal_bull_walk,initial,0,Data\Engine2D\Bin\Bobs\CR_Ani_Body_00.bmd,Data\Engine2D\Bin\Bobs\CR_Ani_Body_00_s.bmd,,,[],house01,,declared base palette (ordinal 0 of RNG list),[],"{""0"": [405, 406, 407, 408, 409, 410, 411, 412, 413, 414, 415, 416, 417, 418, 419, 420, 421, 422, 423, 424], ""1"": [285, 286, 287, 288, 289, 290, 291, 292, 293, 294, 295, 296, 297, 298, 299, 300, 301, 302, 303, 304], ""2"": [325, 326, 327, 328, 329, 330, 331, 332, 333, 334, 335, 336, 337, 338, 339, 340, 341, 342, 343, 344], ""3"": [425, 426, 427, 428, 429, 430, 431, 432, 433, 434, 435, 436, 437, 438, 439, 440, 441, 442, 443, 444], ""4"": [345, 346, 347, 348, 349, 350, 351, 352, 353, 354, 355, 356, 357, 358, 359, 360, 361, 362, 363, 364], ""5"": [385, 386, 387, 388, 389, 390, 391, 392, 393, 394, 395, 396, 397, 398, 399, 400, 401, 402, 403, 404], ""6"": [365, 366, 367, 368, 369, 370, 371, 372, 373, 374, 375, 376, 377, 378, 379, 380, 381, 382, 383, 384], ""7"": [305, 306, 307, 308, 309, 310, 311, 312, 313, 314, 315, 316, 317, 318, 319, 320, 321, 322, 323, 324]}",{},frame = frameTick % count (walk; caller frame tick),Animals/tribe_29_parrots/Sheets/cr_ani_body_00__house01/j49_W000_animal_bull_walk_s1112.png,Animals/tribe_29_parrots/Sheets/cr_ani_body_00__house01/j49_W000_animal_bull_walk_s1112__shadow_mask.png,"[91, 103]","[52, 55]","[0, 1, 2, 3, 4, 5, 6, 7]",RENDERED,COMPATIBLE,[],PIXEL_CONFIRMED,Animals/tribe_29_parrots/adult_job49/metadata.json,Animals/tribe_29_parrots/adult_job49/index.html
30,Chickens,animal,48,48,baby_animal,Young Animal,young,[48],292,48,False,atomic,2,animal_chicken_baby_idle,36,[],,,0,,0,animal_chicken_pick,animal_chicken_pick,initial,0,Data\Engine2D\Bin\Bobs\CR_Ani_Body_00.bmd,Data\Engine2D\Bin\Bobs\CR_Ani_Body_00_s.bmd,,,[],chicken01,,declared base palette (ordinal 0 of RNG list),[],"{""0"": [551, 552, 553, 554, 555, 556, 557, 558, 557, 558, 557, 558, 557, 558, 557, 558, 558, 557, 556, 555, 554, 553, 552, 551, 551, 551, 552, 553, 554, 555, 556, 555, 554, 553, 552, 551], ""1"": [559, 560, 561, 562, 563, 564, 565, 566, 565, 566, 565, 566, 565, 566, 565, 566, 566, 565, 564, 563, 562, 561, 560, 559, 559, 559, 560, 561, 562, 563, 564, 563, 562, 561, 560, 559], ""2"": [519, 520, 521, 522, 523, 524, 525, 526, 525, 526, 525, 526, 525, 526, 525, 526, 526, 525, 524, 523, 522, 521, 520, 519, 519, 519, 520, 521, 522, 523, 524, 523, 522, 521, 520, 519], ""3"": [527, 528, 529, 530, 531, 532, 533, 534, 533, 534, 533, 534, 533, 534, 533, 534, 534, 533, 532, 531, 530, 529, 528, 527, 527, 527, 528, 529, 530, 531, 532, 531, 530, 529, 528, 527], ""4"": [535, 536, 537, 538, 539, 540, 541, 542, 541, 542, 541, 542, 541, 542, 541, 542, 542, 541, 540, 539, 538, 537, 536, 535, 535, 535, 536, 537, 538, 539, 540, 539, 538, 537, 536, 535], ""5"": [543, 544, 545, 546, 547, 548, 549, 550, 549, 550, 549, 550, 549, 550, 549, 550, 550, 549, 548, 547, 546, 545, 544, 543, 543, 543, 544, 545, 546, 547, 548, 547, 546, 545, 544, 543], ""6"": [575, 576, 577, 578, 579, 580, 581, 582, 581, 582, 581, 582, 581, 582, 581, 582, 582, 581, 580, 579, 578, 577, 576, 575, 575, 575, 576, 577, 578, 579, 580, 579, 578, 577, 576, 575], ""7"": [567, 568, 569, 570, 571, 572, 573, 574, 573, 574, 573, 574, 573, 574, 573, 574, 574, 573, 572, 571, 570, 569, 568, 567, 567, 567, 568, 569, 570, 571, 572, 571, 570, 569, 568, 567]}",{},"frame = min(count-1, floor(count*progress/duration)); duration from atomic length",Animals/tribe_30_chicken/Sheets/cr_ani_body_00__chicken01/j48_A002_animal_chicken_pick_s292.png,,"[32, 29]","[20, 27]","[0, 1, 2, 3, 4, 5, 6, 7]",RENDERED,COMPATIBLE,"[""SHADOW_FRAME_EMPTY""]",PIXEL_CONFIRMED,Animals/tribe_30_chicken/young_job48/metadata.json,Animals/tribe_30_chicken/young_job48/index.html
30,Chickens,animal,48,48,baby_animal,Young Animal,young,[48],288,48,False,atomic,3,animal_chicken_baby_idle,36,[],,,0,,0,animal_chicken_wait_look_left,animal_chicken_wait_look_left,initial,0,Data\Engine2D\Bin\Bobs\CR_Ani_Body_00.bmd,Data\Engine2D\Bin\Bobs\CR_Ani_Body_00_s.bmd,,,[],chicken01,,declared base palette (ordinal 0 of RNG list),[],"{""0"": [635, 635, 635, 635, 635, 635, 635, 635, 635, 636, 637, 638, 639, 640, 641, 641, 641, 641, 641, 641, 641, 641, 640, 639, 638, 637, 636, 635, 635, 635, 635, 635, 635, 635, 635, 635], ""1"": [648, 648, 648, 648, 648, 648, 648, 648, 648, 649, 650, 651, 652, 653, 654, 654, 654, 654, 654, 654, 654, 654, 653, 652, 651, 650, 649, 648, 648, 648, 648, 648, 648, 648, 648, 648], ""2"": [583, 583, 583, 583, 583, 583, 583, 583, 583, 584, 585, 586, 587, 588, 589, 589, 589, 589, 589, 589, 589, 589, 588, 587, 586, 585, 584, 583, 583, 583, 583, 583, 583, 583, 583, 583], ""3"": [596, 596, 596, 596, 596, 596, 596, 596, 596, 597, 598, 599, 600, 601, 602, 602, 602, 602, 602, 602, 602, 602, 601, 600, 599, 598, 597, 596, 596, 596, 596, 596, 596, 596, 596, 596], ""4"": [609, 609, 609, 609, 609, 609, 609, 609, 609, 610, 611, 612, 613, 614, 615, 615, 615, 615, 615, 615, 615, 615, 614, 613, 612, 611, 610, 609, 609, 609, 609, 609, 609, 609, 609, 609], ""5"": [622, 622, 622, 622, 622, 622, 622, 622, 622, 623, 624, 625, 626, 627, 628, 628, 628, 628, 628, 628, 628, 628, 627, 626, 625, 624, 623, 622, 622, 622, 622, 622, 622, 622, 622, 622], ""6"": [674, 674, 674, 674, 674, 674, 674, 674, 674, 675, 676, 677, 678, 679, 680, 680, 680, 680, 680, 680, 680, 680, 679, 678, 677, 676, 675, 674, 674, 674, 674, 674, 674, 674, 674, 674], ""7"": [661, 661, 661, 661, 661, 661, 661, 661, 661, 662, 663, 664, 665, 666, 667, 667, 667, 667, 667, 667, 667, 667, 666, 665, 664, 663, 662, 661, 661, 661, 661, 661, 661, 661, 661, 661]}",{},"frame = min(count-1, floor(count*progress/duration)); duration from atomic length",Animals/tribe_30_chicken/Sheets/cr_ani_body_00__chicken01/j48_A003_animal_chicken_wait_look_left_s288.png,,"[24, 24]","[16, 28]","[0, 1, 2, 3, 4, 5, 6, 7]",RENDERED,COMPATIBLE,"[""SHADOW_FRAME_EMPTY""]",PIXEL_CONFIRMED,Animals/tribe_30_chicken/young_job48/metadata.json,Animals/tribe_30_chicken/young_job48/index.html
30,Chickens,animal,48,48,baby_animal,Young Animal,young,[48],289,48,False,atomic,4,animal_chicken_baby_idle,36,[],,,0,,0,animal_chicken_wait_look_right,animal_chicken_wait_look_right,initial,0,Data\Engine2D\Bin\Bobs\CR_Ani_Body_00.bmd,Data\Engine2D\Bin\Bobs\CR_Ani_Body_00_s.bmd,,,[],chicken01,,declared base palette (ordinal 0 of RNG list),[],"{""0"": [707, 708, 709, 710, 711, 711, 711, 711, 711, 711, 711, 711, 711, 711, 711, 711, 711, 711, 711, 711, 711, 711, 710, 709, 708, 707, 707, 707, 707, 707, 707, 707, 707, 707, 707, 707], ""1"": [712, 713, 714, 715, 716, 716, 716, 716, 716, 716, 716, 716, 716, 716, 716, 716, 716, 716, 716, 716, 716, 716, 715, 714, 713, 712, 712, 712, 712, 712, 712, 712, 712, 712, 712, 712], ""2"": [687, 688, 689, 690, 691, 691, 691, 691, 691, 691, 691, 691, 691, 691, 691, 691, 691, 691, 691, 691, 691, 691, 690, 689, 688, 687, 687, 687, 687, 687, 687, 687, 687, 687, 687, 687], ""3"": [692, 693, 694, 695, 696, 696, 696, 696, 696, 696, 696, 696, 696, 696, 696, 696, 696, 696, 696, 696, 696, 696, 695, 694, 693, 692, 692, 692, 692, 692, 692, 692, 692, 692, 692, 692], ""4"": [697, 698, 699, 700, 701, 701, 701, 701, 701, 701, 701, 701, 701, 701, 701, 701, 701, 701, 701, 701, 701, 701, 700, 699, 698, 697, 697, 697, 697, 697, 697, 697, 697, 697, 697, 697], ""5"": [702, 703, 704, 705, 706, 706, 706, 706, 706, 706, 706, 706, 706, 706, 706, 706, 706, 706, 706, 706, 706, 706, 705, 704, 703, 702, 702, 702, 702, 702, 702, 702, 702, 702, 702, 702], ""6"": [722, 723, 724, 725, 726, 726, 726, 726, 726, 726, 726, 726, 726, 726, 726, 726, 726, 726, 726, 726, 726, 726, 725, 724, 723, 722, 722, 722, 722, 722, 722, 722, 722, 722, 722, 722], ""7"": [717, 718, 719, 720, 721, 721, 721, 721, 721, 721, 721, 721, 721, 721, 721, 721, 721, 721, 721, 721, 721, 721, 720, 719, 718, 717, 717, 717, 717, 717, 717, 717, 717, 717, 717, 717]}",{},"frame = min(count-1, floor(count*progress/duration)); duration from atomic length",Animals/tribe_30_chicken/Sheets/cr_ani_body_00__chicken01/j48_A004_animal_chicken_wait_look_right_s289.png,,"[24, 25]","[16, 29]","[0, 1, 2, 3, 4, 5, 6, 7]",RENDERED,COMPATIBLE,"[""SHADOW_FRAME_EMPTY""]",PIXEL_CONFIRMED,Animals/tribe_30_chicken/young_job48/metadata.json,Animals/tribe_30_chicken/young_job48/index.html
30,Chickens,animal,48,48,baby_animal,Young Animal,young,[48],290,48,False,atomic,5,animal_chicken_baby_idle,36,[],,,0,,0,animal_chicken_wait_look_right,animal_chicken_wait_look_right,initial,0,Data\Engine2D\Bin\Bobs\CR_Ani_Body_00.bmd,Data\Engine2D\Bin\Bobs\CR_Ani_Body_00_s.bmd,,,[],chicken01,,declared base palette (ordinal 0 of RNG list),[],"{""0"": [707, 708, 709, 710, 711, 711, 711, 711, 711, 711, 711, 711, 711, 711, 711, 711, 711, 711, 711, 711, 711, 711, 710, 709, 708, 707, 707, 707, 707, 707, 707, 707, 707, 707, 707, 707], ""1"": [712, 713, 714, 715, 716, 716, 716, 716, 716, 716, 716, 716, 716, 716, 716, 716, 716, 716, 716, 716, 716, 716, 715, 714, 713, 712, 712, 712, 712, 712, 712, 712, 712, 712, 712, 712], ""2"": [687, 688, 689, 690, 691, 691, 691, 691, 691, 691, 691, 691, 691, 691, 691, 691, 691, 691, 691, 691, 691, 691, 690, 689, 688, 687, 687, 687, 687, 687, 687, 687, 687, 687, 687, 687], ""3"": [692, 693, 694, 695, 696, 696, 696, 696, 696, 696, 696, 696, 696, 696, 696, 696, 696, 696, 696, 696, 696, 696, 695, 694, 693, 692, 692, 692, 692, 692, 692, 692, 692, 692, 692, 692], ""4"": [697, 698, 699, 700, 701, 701, 701, 701, 701, 701, 701, 701, 701, 701, 701, 701, 701, 701, 701, 701, 701, 701, 700, 699, 698, 697, 697, 697, 697, 697, 697, 697, 697, 697, 697, 697], ""5"": [702, 703, 704, 705, 706, 706, 706, 706, 706, 706, 706, 706, 706, 706, 706, 706, 706, 706, 706, 706, 706, 706, 705, 704, 703, 702, 702, 702, 702, 702, 702, 702, 702, 702, 702, 702], ""6"": [722, 723, 724, 725, 726, 726, 726, 726, 726, 726, 726, 726, 726, 726, 726, 726, 726, 726, 726, 726, 726, 726, 725, 724, 723, 722, 722, 722, 722, 722, 722, 722, 722, 722, 722, 722], ""7"": [717, 718, 719, 720, 721, 721, 721, 721, 721, 721, 721, 721, 721, 721, 721, 721, 721, 721, 721, 721, 721, 721, 720, 719, 718, 717, 717, 717, 717, 717, 717, 717, 717, 717, 717, 717]}",{},"frame = min(count-1, floor(count*progress/duration)); duration from atomic length",Animals/tribe_30_chicken/Sheets/cr_ani_body_00__chicken01/j48_A005_animal_chicken_wait_look_right_s290.png,,"[24, 25]","[16, 29]","[0, 1, 2, 3, 4, 5, 6, 7]",RENDERED,COMPATIBLE,"[""SHADOW_FRAME_EMPTY""]",PIXEL_CONFIRMED,Animals/tribe_30_chicken/young_job48/metadata.json,Animals/tribe_30_chicken/young_job48/index.html
30,Chickens,animal,48,48,baby_animal,Young Animal,young,[48],291,48,False,atomic,6,animal_chicken_baby_idle,36,[],,,0,,0,animal_chicken_wait_look_right,animal_chicken_wait_look_right,initial,0,Data\Engine2D\Bin\Bobs\CR_Ani_Body_00.bmd,Data\Engine2D\Bin\Bobs\CR_Ani_Body_00_s.bmd,,,[],chicken01,,declared base palette (ordinal 0 of RNG list),[],"{""0"": [707, 708, 709, 710, 711, 711, 711, 711, 711, 711, 711, 711, 711, 711, 711, 711, 711, 711, 711, 711, 711, 711, 710, 709, 708, 707, 707, 707, 707, 707, 707, 707, 707, 707, 707, 707], ""1"": [712, 713, 714, 715, 716, 716, 716, 716, 716, 716, 716, 716, 716, 716, 716, 716, 716, 716, 716, 716, 716, 716, 715, 714, 713, 712, 712, 712, 712, 712, 712, 712, 712, 712, 712, 712], ""2"": [687, 688, 689, 690, 691, 691, 691, 691, 691, 691, 691, 691, 691, 691, 691, 691, 691, 691, 691, 691, 691, 691, 690, 689, 688, 687, 687, 687, 687, 687, 687, 687, 687, 687, 687, 687], ""3"": [692, 693, 694, 695, 696, 696, 696, 696, 696, 696, 696, 696, 696, 696, 696, 696, 696, 696, 696, 696, 696, 696, 695, 694, 693, 692, 692, 692, 692, 692, 692, 692, 692, 692, 692, 692], ""4"": [697, 698, 699, 700, 701, 701, 701, 701, 701, 701, 701, 701, 701, 701, 701, 701, 701, 701, 701, 701, 701, 701, 700, 699, 698, 697, 697, 697, 697, 697, 697, 697, 697, 697, 697, 697], ""5"": [702, 703, 704, 705, 706, 706, 706, 706, 706, 706, 706, 706, 706, 706, 706, 706, 706, 706, 706, 706, 706, 706, 705, 704, 703, 702, 702, 702, 702, 702, 702, 702, 702, 702, 702, 702], ""6"": [722, 723, 724, 725, 726, 726, 726, 726, 726, 726, 726, 726, 726, 726, 726, 726, 726, 726, 726, 726, 726, 726, 725, 724, 723, 722, 722, 722, 722, 722, 722, 722, 722, 722, 722, 722], ""7"": [717, 718, 719, 720, 721, 721, 721, 721, 721, 721, 721, 721, 721, 721, 721, 721, 721, 721, 721, 721, 721, 721, 720, 719, 718, 717, 717, 717, 717, 717, 717, 717, 717, 717, 717, 717]}",{},"frame = min(count-1, floor(count*progress/duration)); duration from atomic length",Animals/tribe_30_chicken/Sheets/cr_ani_body_00__chicken01/j48_A006_animal_chicken_wait_look_right_s291.png,,"[24, 25]","[16, 29]","[0, 1, 2, 3, 4, 5, 6, 7]",RENDERED,COMPATIBLE,"[""SHADOW_FRAME_EMPTY""]",PIXEL_CONFIRMED,Animals/tribe_30_chicken/young_job48/metadata.json,Animals/tribe_30_chicken/young_job48/index.html
30,Chickens,animal,48,48,baby_animal,Young Animal,young,[48],293,48,False,atomic,9,animal_bear_eat,20,[],,,0,,0,animal_chicken_pick,animal_chicken_pick,initial,0,Data\Engine2D\Bin\Bobs\CR_Ani_Body_00.bmd,Data\Engine2D\Bin\Bobs\CR_Ani_Body_00_s.bmd,,,[],chicken01,,declared base palette (ordinal 0 of RNG list),[],"{""0"": [551, 552, 553, 554, 555, 556, 557, 558, 557, 558, 557, 558, 557, 558, 557, 558, 558, 557, 556, 555, 554, 553, 552, 551, 551, 551, 552, 553, 554, 555, 556, 555, 554, 553, 552, 551], ""1"": [559, 560, 561, 562, 563, 564, 565, 566, 565, 566, 565, 566, 565, 566, 565, 566, 566, 565, 564, 563, 562, 561, 560, 559, 559, 559, 560, 561, 562, 563, 564, 563, 562, 561, 560, 559], ""2"": [519, 520, 521, 522, 523, 524, 525, 526, 525, 526, 525, 526, 525, 526, 525, 526, 526, 525, 524, 523, 522, 521, 520, 519, 519, 519, 520, 521, 522, 523, 524, 523, 522, 521, 520, 519], ""3"": [527, 528, 529, 530, 531, 532, 533, 534, 533, 534, 533, 534, 533, 534, 533, 534, 534, 533, 532, 531, 530, 529, 528, 527, 527, 527, 528, 529, 530, 531, 532, 531, 530, 529, 528, 527], ""4"": [535, 536, 537, 538, 539, 540, 541, 542, 541, 542, 541, 542, 541, 542, 541, 542, 542, 541, 540, 539, 538, 537, 536, 535, 535, 535, 536, 537, 538, 539, 540, 539, 538, 537, 536, 535], ""5"": [543, 544, 545, 546, 547, 548, 549, 550, 549, 550, 549, 550, 549, 550, 549, 550, 550, 549, 548, 547, 546, 545, 544, 543, 543, 543, 544, 545, 546, 547, 548, 547, 546, 545, 544, 543], ""6"": [575, 576, 577, 578, 579, 580, 581, 582, 581, 582, 581, 582, 581, 582, 581, 582, 582, 581, 580, 579, 578, 577, 576, 575, 575, 575, 576, 577, 578, 579, 580, 579, 578, 577, 576, 575], ""7"": [567, 568, 569, 570, 571, 572, 573, 574, 573, 574, 573, 574, 573, 574, 573, 574, 574, 573, 572, 571, 570, 569, 568, 567, 567, 567, 568, 569, 570, 571, 572, 571, 570, 569, 568, 567]}",{},"frame = min(count-1, floor(count*progress/duration)); duration from atomic length",Animals/tribe_30_chicken/Sheets/cr_ani_body_00__chicken01/j48_A009_animal_chicken_pick_s293.png,,"[32, 29]","[20, 27]","[0, 1, 2, 3, 4, 5, 6, 7]",RENDERED,COMPATIBLE,"[""SHADOW_FRAME_EMPTY""]",PIXEL_CONFIRMED,Animals/tribe_30_chicken/young_job48/metadata.json,Animals/tribe_30_chicken/young_job48/index.html
30,Chickens,animal,48,48,baby_animal,Young Animal,young,[48],1123,48,False,walk,,,,[],0,,,5,0,animal_chicken_walk,animal_chicken_walk,initial,0,Data\Engine2D\Bin\Bobs\CR_Ani_Body_00.bmd,Data\Engine2D\Bin\Bobs\CR_Ani_Body_00_s.bmd,,,[],chicken01,,declared base palette (ordinal 0 of RNG list),[],"{""0"": [775, 776, 777, 778, 779, 780, 781, 782, 783, 784, 785, 786], ""1"": [787, 788, 789, 790, 791, 792, 793, 794, 795, 796, 797, 798], ""2"": [727, 728, 729, 730, 731, 732, 733, 734, 735, 736, 737, 738], ""3"": [739, 740, 741, 742, 743, 744, 745, 746, 747, 748, 749, 750], ""4"": [751, 752, 753, 754, 755, 756, 757, 758, 759, 760, 761, 762], ""5"": [763, 764, 765, 766, 767, 768, 769, 770, 771, 772, 773, 774], ""6"": [807, 808, 809, 810, 811, 812, 813, 814, 815, 816, 817, 818, 819, 820, 821, 822, 823, 824, 825, 826], ""7"": [747, 748, 749, 750, 751, 752, 753, 754, 755, 756, 757, 758, 759, 760, 761, 762, 763, 764, 765, 766]}",{},frame = frameTick % count (walk; caller frame tick),Animals/tribe_30_chicken/Sheets/cr_ani_body_00__chicken01/j48_W000_speed5_animal_chicken_walk_s1123.png,Animals/tribe_30_chicken/Sheets/cr_ani_body_00__chicken01/j48_W000_speed5_animal_chicken_walk_s1123__shadow_mask.png,"[26, 29]","[17, 27]","[0, 1, 2, 3, 4, 5, 6, 7]",RENDERED,COMPATIBLE,[],PIXEL_CONFIRMED,Animals/tribe_30_chicken/young_job48/metadata.json,Animals/tribe_30_chicken/young_job48/index.html
30,Chickens,animal,48,48,baby_animal,Young Animal,young,[48],1122,48,False,walk,,,,[],0,,,20,0,animal_chicken_walk,animal_chicken_walk,initial,0,Data\Engine2D\Bin\Bobs\CR_Ani_Body_00.bmd,Data\Engine2D\Bin\Bobs\CR_Ani_Body_00_s.bmd,,,[],chicken01,,declared base palette (ordinal 0 of RNG list),[],"{""0"": [775, 776, 777, 778, 779, 780, 781, 782, 783, 784, 785, 786], ""1"": [787, 788, 789, 790, 791, 792, 793, 794, 795, 796, 797, 798], ""2"": [727, 728, 729, 730, 731, 732, 733, 734, 735, 736, 737, 738], ""3"": [739, 740, 741, 742, 743, 744, 745, 746, 747, 748, 749, 750], ""4"": [751, 752, 753, 754, 755, 756, 757, 758, 759, 760, 761, 762], ""5"": [763, 764, 765, 766, 767, 768, 769, 770, 771, 772, 773, 774], ""6"": [807, 808, 809, 810, 811, 812, 813, 814, 815, 816, 817, 818, 819, 820, 821, 822, 823, 824, 825, 826], ""7"": [747, 748, 749, 750, 751, 752, 753, 754, 755, 756, 757, 758, 759, 760, 761, 762, 763, 764, 765, 766]}",{},frame = frameTick % count (walk; caller frame tick),Animals/tribe_30_chicken/Sheets/cr_ani_body_00__chicken01/j48_W000_speed20_animal_chicken_walk_s1122.png,Animals/tribe_30_chicken/Sheets/cr_ani_body_00__chicken01/j48_W000_speed20_animal_chicken_walk_s1122__shadow_mask.png,"[26, 29]","[17, 27]","[0, 1, 2, 3, 4, 5, 6, 7]",RENDERED,COMPATIBLE,[],PIXEL_CONFIRMED,Animals/tribe_30_chicken/young_job48/metadata.json,Animals/tribe_30_chicken/young_job48/index.html
30,Chickens,animal,49,49,adult_animal,Animal,adult,"[49, 48]",286,49,False,atomic,2,animal_chicken_adult_idle,36,[],,,0,,0,animal_chicken_pick,animal_chicken_pick,initial,0,Data\Engine2D\Bin\Bobs\CR_Ani_Body_00.bmd,Data\Engine2D\Bin\Bobs\CR_Ani_Body_00_s.bmd,,,[],chicken01,,declared base palette (ordinal 0 of RNG list),[],"{""0"": [551, 552, 553, 554, 555, 556, 557, 558, 557, 558, 557, 558, 557, 558, 557, 558, 558, 557, 556, 555, 554, 553, 552, 551, 551, 551, 552, 553, 554, 555, 556, 555, 554, 553, 552, 551], ""1"": [559, 560, 561, 562, 563, 564, 565, 566, 565, 566, 565, 566, 565, 566, 565, 566, 566, 565, 564, 563, 562, 561, 560, 559, 559, 559, 560, 561, 562, 563, 564, 563, 562, 561, 560, 559], ""2"": [519, 520, 521, 522, 523, 524, 525, 526, 525, 526, 525, 526, 525, 526, 525, 526, 526, 525, 524, 523, 522, 521, 520, 519, 519, 519, 520, 521, 522, 523, 524, 523, 522, 521, 520, 519], ""3"": [527, 528, 529, 530, 531, 532, 533, 534, 533, 534, 533, 534, 533, 534, 533, 534, 534, 533, 532, 531, 530, 529, 528, 527, 527, 527, 528, 529, 530, 531, 532, 531, 530, 529, 528, 527], ""4"": [535, 536, 537, 538, 539, 540, 541, 542, 541, 542, 541, 542, 541, 542, 541, 542, 542, 541, 540, 539, 538, 537, 536, 535, 535, 535, 536, 537, 538, 539, 540, 539, 538, 537, 536, 535], ""5"": [543, 544, 545, 546, 547, 548, 549, 550, 549, 550, 549, 550, 549, 550, 549, 550, 550, 549, 548, 547, 546, 545, 544, 543, 543, 543, 544, 545, 546, 547, 548, 547, 546, 545, 544, 543], ""6"": [575, 576, 577, 578, 579, 580, 581, 582, 581, 582, 581, 582, 581, 582, 581, 582, 582, 581, 580, 579, 578, 577, 576, 575, 575, 575, 576, 577, 578, 579, 580, 579, 578, 577, 576, 575], ""7"": [567, 568, 569, 570, 571, 572, 573, 574, 573, 574, 573, 574, 573, 574, 573, 574, 574, 573, 572, 571, 570, 569, 568, 567, 567, 567, 568, 569, 570, 571, 572, 571, 570, 569, 568, 567]}",{},"frame = min(count-1, floor(count*progress/duration)); duration from atomic length",Animals/tribe_30_chicken/Sheets/cr_ani_body_00__chicken01/j49_A002_animal_chicken_pick_s286.png,,"[32, 29]","[20, 27]","[0, 1, 2, 3, 4, 5, 6, 7]",RENDERED,COMPATIBLE,"[""SHADOW_FRAME_EMPTY""]",PIXEL_CONFIRMED,Animals/tribe_30_chicken/adult_job49/metadata.json,Animals/tribe_30_chicken/adult_job49/index.html
30,Chickens,animal,49,49,adult_animal,Animal,adult,"[49, 48]",282,49,False,atomic,3,animal_chicken_adult_idle,36,[],,,0,,0,animal_chicken_wait_look_left,animal_chicken_wait_look_left,initial,0,Data\Engine2D\Bin\Bobs\CR_Ani_Body_00.bmd,Data\Engine2D\Bin\Bobs\CR_Ani_Body_00_s.bmd,,,[],chicken01,,declared base palette (ordinal 0 of RNG list),[],"{""0"": [635, 635, 635, 635, 635, 635, 635, 635, 635, 636, 637, 638, 639, 640, 641, 641, 641, 641, 641, 641, 641, 641, 640, 639, 638, 637, 636, 635, 635, 635, 635, 635, 635, 635, 635, 635], ""1"": [648, 648, 648, 648, 648, 648, 648, 648, 648, 649, 650, 651, 652, 653, 654, 654, 654, 654, 654, 654, 654, 654, 653, 652, 651, 650, 649, 648, 648, 648, 648, 648, 648, 648, 648, 648], ""2"": [583, 583, 583, 583, 583, 583, 583, 583, 583, 584, 585, 586, 587, 588, 589, 589, 589, 589, 589, 589, 589, 589, 588, 587, 586, 585, 584, 583, 583, 583, 583, 583, 583, 583, 583, 583], ""3"": [596, 596, 596, 596, 596, 596, 596, 596, 596, 597, 598, 599, 600, 601, 602, 602, 602, 602, 602, 602, 602, 602, 601, 600, 599, 598, 597, 596, 596, 596, 596, 596, 596, 596, 596, 596], ""4"": [609, 609, 609, 609, 609, 609, 609, 609, 609, 610, 611, 612, 613, 614, 615, 615, 615, 615, 615, 615, 615, 615, 614, 613, 612, 611, 610, 609, 609, 609, 609, 609, 609, 609, 609, 609], ""5"": [622, 622, 622, 622, 622, 622, 622, 622, 622, 623, 624, 625, 626, 627, 628, 628, 628, 628, 628, 628, 628, 628, 627, 626, 625, 624, 623, 622, 622, 622, 622, 622, 622, 622, 622, 622], ""6"": [674, 674, 674, 674, 674, 674, 674, 674, 674, 675, 676, 677, 678, 679, 680, 680, 680, 680, 680, 680, 680, 680, 679, 678, 677, 676, 675, 674, 674, 674, 674, 674, 674, 674, 674, 674], ""7"": [661, 661, 661, 661, 661, 661, 661, 661, 661, 662, 663, 664, 665, 666, 667, 667, 667, 667, 667, 667, 667, 667, 666, 665, 664, 663, 662, 661, 661, 661, 661, 661, 661, 661, 661, 661]}",{},"frame = min(count-1, floor(count*progress/duration)); duration from atomic length",Animals/tribe_30_chicken/Sheets/cr_ani_body_00__chicken01/j49_A003_animal_chicken_wait_look_left_s282.png,,"[24, 24]","[16, 28]","[0, 1, 2, 3, 4, 5, 6, 7]",RENDERED,COMPATIBLE,"[""SHADOW_FRAME_EMPTY""]",PIXEL_CONFIRMED,Animals/tribe_30_chicken/adult_job49/metadata.json,Animals/tribe_30_chicken/adult_job49/index.html
30,Chickens,animal,49,49,adult_animal,Animal,adult,"[49, 48]",283,49,False,atomic,4,animal_chicken_adult_idle,36,[],,,0,,0,animal_chicken_wait_look_right,animal_chicken_wait_look_right,initial,0,Data\Engine2D\Bin\Bobs\CR_Ani_Body_00.bmd,Data\Engine2D\Bin\Bobs\CR_Ani_Body_00_s.bmd,,,[],chicken01,,declared base palette (ordinal 0 of RNG list),[],"{""0"": [707, 708, 709, 710, 711, 711, 711, 711, 711, 711, 711, 711, 711, 711, 711, 711, 711, 711, 711, 711, 711, 711, 710, 709, 708, 707, 707, 707, 707, 707, 707, 707, 707, 707, 707, 707], ""1"": [712, 713, 714, 715, 716, 716, 716, 716, 716, 716, 716, 716, 716, 716, 716, 716, 716, 716, 716, 716, 716, 716, 715, 714, 713, 712, 712, 712, 712, 712, 712, 712, 712, 712, 712, 712], ""2"": [687, 688, 689, 690, 691, 691, 691, 691, 691, 691, 691, 691, 691, 691, 691, 691, 691, 691, 691, 691, 691, 691, 690, 689, 688, 687, 687, 687, 687, 687, 687, 687, 687, 687, 687, 687], ""3"": [692, 693, 694, 695, 696, 696, 696, 696, 696, 696, 696, 696, 696, 696, 696, 696, 696, 696, 696, 696, 696, 696, 695, 694, 693, 692, 692, 692, 692, 692, 692, 692, 692, 692, 692, 692], ""4"": [697, 698, 699, 700, 701, 701, 701, 701, 701, 701, 701, 701, 701, 701, 701, 701, 701, 701, 701, 701, 701, 701, 700, 699, 698, 697, 697, 697, 697, 697, 697, 697, 697, 697, 697, 697], ""5"": [702, 703, 704, 705, 706, 706, 706, 706, 706, 706, 706, 706, 706, 706, 706, 706, 706, 706, 706, 706, 706, 706, 705, 704, 703, 702, 702, 702, 702, 702, 702, 702, 702, 702, 702, 702], ""6"": [722, 723, 724, 725, 726, 726, 726, 726, 726, 726, 726, 726, 726, 726, 726, 726, 726, 726, 726, 726, 726, 726, 725, 724, 723, 722, 722, 722, 722, 722, 722, 722, 722, 722, 722, 722], ""7"": [717, 718, 719, 720, 721, 721, 721, 721, 721, 721, 721, 721, 721, 721, 721, 721, 721, 721, 721, 721, 721, 721, 720, 719, 718, 717, 717, 717, 717, 717, 717, 717, 717, 717, 717, 717]}",{},"frame = min(count-1, floor(count*progress/duration)); duration from atomic length",Animals/tribe_30_chicken/Sheets/cr_ani_body_00__chicken01/j49_A004_animal_chicken_wait_look_right_s283.png,,"[24, 25]","[16, 29]","[0, 1, 2, 3, 4, 5, 6, 7]",RENDERED,COMPATIBLE,"[""SHADOW_FRAME_EMPTY""]",PIXEL_CONFIRMED,Animals/tribe_30_chicken/adult_job49/metadata.json,Animals/tribe_30_chicken/adult_job49/index.html
30,Chickens,animal,49,49,adult_animal,Animal,adult,"[49, 48]",284,49,False,atomic,5,animal_chicken_adult_idle,36,[],,,0,,0,animal_chicken_wait_look_right,animal_chicken_wait_look_right,initial,0,Data\Engine2D\Bin\Bobs\CR_Ani_Body_00.bmd,Data\Engine2D\Bin\Bobs\CR_Ani_Body_00_s.bmd,,,[],chicken01,,declared base palette (ordinal 0 of RNG list),[],"{""0"": [707, 708, 709, 710, 711, 711, 711, 711, 711, 711, 711, 711, 711, 711, 711, 711, 711, 711, 711, 711, 711, 711, 710, 709, 708, 707, 707, 707, 707, 707, 707, 707, 707, 707, 707, 707], ""1"": [712, 713, 714, 715, 716, 716, 716, 716, 716, 716, 716, 716, 716, 716, 716, 716, 716, 716, 716, 716, 716, 716, 715, 714, 713, 712, 712, 712, 712, 712, 712, 712, 712, 712, 712, 712], ""2"": [687, 688, 689, 690, 691, 691, 691, 691, 691, 691, 691, 691, 691, 691, 691, 691, 691, 691, 691, 691, 691, 691, 690, 689, 688, 687, 687, 687, 687, 687, 687, 687, 687, 687, 687, 687], ""3"": [692, 693, 694, 695, 696, 696, 696, 696, 696, 696, 696, 696, 696, 696, 696, 696, 696, 696, 696, 696, 696, 696, 695, 694, 693, 692, 692, 692, 692, 692, 692, 692, 692, 692, 692, 692], ""4"": [697, 698, 699, 700, 701, 701, 701, 701, 701, 701, 701, 701, 701, 701, 701, 701, 701, 701, 701, 701, 701, 701, 700, 699, 698, 697, 697, 697, 697, 697, 697, 697, 697, 697, 697, 697], ""5"": [702, 703, 704, 705, 706, 706, 706, 706, 706, 706, 706, 706, 706, 706, 706, 706, 706, 706, 706, 706, 706, 706, 705, 704, 703, 702, 702, 702, 702, 702, 702, 702, 702, 702, 702, 702], ""6"": [722, 723, 724, 725, 726, 726, 726, 726, 726, 726, 726, 726, 726, 726, 726, 726, 726, 726, 726, 726, 726, 726, 725, 724, 723, 722, 722, 722, 722, 722, 722, 722, 722, 722, 722, 722], ""7"": [717, 718, 719, 720, 721, 721, 721, 721, 721, 721, 721, 721, 721, 721, 721, 721, 721, 721, 721, 721, 721, 721, 720, 719, 718, 717, 717, 717, 717, 717, 717, 717, 717, 717, 717, 717]}",{},"frame = min(count-1, floor(count*progress/duration)); duration from atomic length",Animals/tribe_30_chicken/Sheets/cr_ani_body_00__chicken01/j49_A005_animal_chicken_wait_look_right_s284.png,,"[24, 25]","[16, 29]","[0, 1, 2, 3, 4, 5, 6, 7]",RENDERED,COMPATIBLE,"[""SHADOW_FRAME_EMPTY""]",PIXEL_CONFIRMED,Animals/tribe_30_chicken/adult_job49/metadata.json,Animals/tribe_30_chicken/adult_job49/index.html
30,Chickens,animal,49,49,adult_animal,Animal,adult,"[49, 48]",285,49,False,atomic,6,animal_chicken_adult_idle,36,[],,,0,,0,animal_chicken_wait_look_right,animal_chicken_wait_look_right,initial,0,Data\Engine2D\Bin\Bobs\CR_Ani_Body_00.bmd,Data\Engine2D\Bin\Bobs\CR_Ani_Body_00_s.bmd,,,[],chicken01,,declared base palette (ordinal 0 of RNG list),[],"{""0"": [707, 708, 709, 710, 711, 711, 711, 711, 711, 711, 711, 711, 711, 711, 711, 711, 711, 711, 711, 711, 711, 711, 710, 709, 708, 707, 707, 707, 707, 707, 707, 707, 707, 707, 707, 707], ""1"": [712, 713, 714, 715, 716, 716, 716, 716, 716, 716, 716, 716, 716, 716, 716, 716, 716, 716, 716, 716, 716, 716, 715, 714, 713, 712, 712, 712, 712, 712, 712, 712, 712, 712, 712, 712], ""2"": [687, 688, 689, 690, 691, 691, 691, 691, 691, 691, 691, 691, 691, 691, 691, 691, 691, 691, 691, 691, 691, 691, 690, 689, 688, 687, 687, 687, 687, 687, 687, 687, 687, 687, 687, 687], ""3"": [692, 693, 694, 695, 696, 696, 696, 696, 696, 696, 696, 696, 696, 696, 696, 696, 696, 696, 696, 696, 696, 696, 695, 694, 693, 692, 692, 692, 692, 692, 692, 692, 692, 692, 692, 692], ""4"": [697, 698, 699, 700, 701, 701, 701, 701, 701, 701, 701, 701, 701, 701, 701, 701, 701, 701, 701, 701, 701, 701, 700, 699, 698, 697, 697, 697, 697, 697, 697, 697, 697, 697, 697, 697], ""5"": [702, 703, 704, 705, 706, 706, 706, 706, 706, 706, 706, 706, 706, 706, 706, 706, 706, 706, 706, 706, 706, 706, 705, 704, 703, 702, 702, 702, 702, 702, 702, 702, 702, 702, 702, 702], ""6"": [722, 723, 724, 725, 726, 726, 726, 726, 726, 726, 726, 726, 726, 726, 726, 726, 726, 726, 726, 726, 726, 726, 725, 724, 723, 722, 722, 722, 722, 722, 722, 722, 722, 722, 722, 722], ""7"": [717, 718, 719, 720, 721, 721, 721, 721, 721, 721, 721, 721, 721, 721, 721, 721, 721, 721, 721, 721, 721, 721, 720, 719, 718, 717, 717, 717, 717, 717, 717, 717, 717, 717, 717, 717]}",{},"frame = min(count-1, floor(count*progress/duration)); duration from atomic length",Animals/tribe_30_chicken/Sheets/cr_ani_body_00__chicken01/j49_A006_animal_chicken_wait_look_right_s285.png,,"[24, 25]","[16, 29]","[0, 1, 2, 3, 4, 5, 6, 7]",RENDERED,COMPATIBLE,"[""SHADOW_FRAME_EMPTY""]",PIXEL_CONFIRMED,Animals/tribe_30_chicken/adult_job49/metadata.json,Animals/tribe_30_chicken/adult_job49/index.html
30,Chickens,animal,49,49,adult_animal,Animal,adult,"[49, 48]",287,49,False,atomic,9,animal_bear_eat,20,[],,,0,,0,animal_chicken_pick,animal_chicken_pick,initial,0,Data\Engine2D\Bin\Bobs\CR_Ani_Body_00.bmd,Data\Engine2D\Bin\Bobs\CR_Ani_Body_00_s.bmd,,,[],chicken01,,declared base palette (ordinal 0 of RNG list),[],"{""0"": [551, 552, 553, 554, 555, 556, 557, 558, 557, 558, 557, 558, 557, 558, 557, 558, 558, 557, 556, 555, 554, 553, 552, 551, 551, 551, 552, 553, 554, 555, 556, 555, 554, 553, 552, 551], ""1"": [559, 560, 561, 562, 563, 564, 565, 566, 565, 566, 565, 566, 565, 566, 565, 566, 566, 565, 564, 563, 562, 561, 560, 559, 559, 559, 560, 561, 562, 563, 564, 563, 562, 561, 560, 559], ""2"": [519, 520, 521, 522, 523, 524, 525, 526, 525, 526, 525, 526, 525, 526, 525, 526, 526, 525, 524, 523, 522, 521, 520, 519, 519, 519, 520, 521, 522, 523, 524, 523, 522, 521, 520, 519], ""3"": [527, 528, 529, 530, 531, 532, 533, 534, 533, 534, 533, 534, 533, 534, 533, 534, 534, 533, 532, 531, 530, 529, 528, 527, 527, 527, 528, 529, 530, 531, 532, 531, 530, 529, 528, 527], ""4"": [535, 536, 537, 538, 539, 540, 541, 542, 541, 542, 541, 542, 541, 542, 541, 542, 542, 541, 540, 539, 538, 537, 536, 535, 535, 535, 536, 537, 538, 539, 540, 539, 538, 537, 536, 535], ""5"": [543, 544, 545, 546, 547, 548, 549, 550, 549, 550, 549, 550, 549, 550, 549, 550, 550, 549, 548, 547, 546, 545, 544, 543, 543, 543, 544, 545, 546, 547, 548, 547, 546, 545, 544, 543], ""6"": [575, 576, 577, 578, 579, 580, 581, 582, 581, 582, 581, 582, 581, 582, 581, 582, 582, 581, 580, 579, 578, 577, 576, 575, 575, 575, 576, 577, 578, 579, 580, 579, 578, 577, 576, 575], ""7"": [567, 568, 569, 570, 571, 572, 573, 574, 573, 574, 573, 574, 573, 574, 573, 574, 574, 573, 572, 571, 570, 569, 568, 567, 567, 567, 568, 569, 570, 571, 572, 571, 570, 569, 568, 567]}",{},"frame = min(count-1, floor(count*progress/duration)); duration from atomic length",Animals/tribe_30_chicken/Sheets/cr_ani_body_00__chicken01/j49_A009_animal_chicken_pick_s287.png,,"[32, 29]","[20, 27]","[0, 1, 2, 3, 4, 5, 6, 7]",RENDERED,COMPATIBLE,"[""SHADOW_FRAME_EMPTY""]",PIXEL_CONFIRMED,Animals/tribe_30_chicken/adult_job49/metadata.json,Animals/tribe_30_chicken/adult_job49/index.html
30,Chickens,animal,49,49,adult_animal,Animal,adult,"[49, 48]",1121,49,False,walk,,,,[],0,,,5,0,animal_chicken_walk,animal_chicken_walk,initial,0,Data\Engine2D\Bin\Bobs\CR_Ani_Body_00.bmd,Data\Engine2D\Bin\Bobs\CR_Ani_Body_00_s.bmd,,,[],chicken01,,declared base palette (ordinal 0 of RNG list),[],"{""0"": [779, 780, 781, 782, 783, 784, 785, 786, 787, 788, 789, 790, 791], ""1"": [792, 793, 794, 795, 796, 797, 798, 799, 800, 801, 802, 803, 804], ""2"": [727, 728, 729, 730, 731, 732, 733, 734, 735, 736, 737, 738, 739], ""3"": [740, 741, 742, 743, 744, 745, 746, 747, 748, 749, 750, 751, 752], ""4"": [753, 754, 755, 756, 757, 758, 759, 760, 761, 762, 763, 764, 765], ""5"": [766, 767, 768, 769, 770, 771, 772, 773, 774, 775, 776, 777, 778], ""6"": [807, 808, 809, 810, 811, 812, 813, 814, 815, 816, 817, 818, 819, 820, 821, 822, 823, 824, 825, 826], ""7"": [792, 793, 794, 795, 796, 797, 798, 799, 800, 801, 802, 803, 804]}",{},frame = frameTick % count (walk; caller frame tick),Animals/tribe_30_chicken/Sheets/cr_ani_body_00__chicken01/j49_W000_speed5_animal_chicken_walk_s1121.png,Animals/tribe_30_chicken/Sheets/cr_ani_body_00__chicken01/j49_W000_speed5_animal_chicken_walk_s1121__shadow_mask.png,"[26, 29]","[17, 27]","[0, 1, 2, 3, 4, 5, 6, 7]",RENDERED,COMPATIBLE,[],PIXEL_CONFIRMED,Animals/tribe_30_chicken/adult_job49/metadata.json,Animals/tribe_30_chicken/adult_job49/index.html
30,Chickens,animal,49,49,adult_animal,Animal,adult,"[49, 48]",1120,49,False,walk,,,,[],0,,,20,0,animal_chicken_walk,animal_chicken_walk,initial,0,Data\Engine2D\Bin\Bobs\CR_Ani_Body_00.bmd,Data\Engine2D\Bin\Bobs\CR_Ani_Body_00_s.bmd,,,[],chicken01,,declared base palette (ordinal 0 of RNG list),[],"{""0"": [779, 780, 781, 782, 783, 784, 785, 786, 787, 788, 789, 790, 791], ""1"": [792, 793, 794, 795, 796, 797, 798, 799, 800, 801, 802, 803, 804], ""2"": [727, 728, 729, 730, 731, 732, 733, 734, 735, 736, 737, 738, 739], ""3"": [740, 741, 742, 743, 744, 745, 746, 747, 748, 749, 750, 751, 752], ""4"": [753, 754, 755, 756, 757, 758, 759, 760, 761, 762, 763, 764, 765], ""5"": [766, 767, 768, 769, 770, 771, 772, 773, 774, 775, 776, 777, 778], ""6"": [807, 808, 809, 810, 811, 812, 813, 814, 815, 816, 817, 818, 819, 820, 821, 822, 823, 824, 825, 826], ""7"": [792, 793, 794, 795, 796, 797, 798, 799, 800, 801, 802, 803, 804]}",{},frame = frameTick % count (walk; caller frame tick),Animals/tribe_30_chicken/Sheets/cr_ani_body_00__chicken01/j49_W000_speed20_animal_chicken_walk_s1120.png,Animals/tribe_30_chicken/Sheets/cr_ani_body_00__chicken01/j49_W000_speed20_animal_chicken_walk_s1120__shadow_mask.png,"[26, 29]","[17, 27]","[0, 1, 2, 3, 4, 5, 6, 7]",RENDERED,COMPATIBLE,[],PIXEL_CONFIRMED,Animals/tribe_30_chicken/adult_job49/metadata.json,Animals/tribe_30_chicken/adult_job49/index.html
31,Ducks,animal,48,48,baby_animal,Young Animal,young,[48],337,48,False,atomic,5,animal_duck_baby_idle,100,[],,,0,,0,animal_bull_wait,animal_bull_wait,initial,0,Data\Engine2D\Bin\Bobs\CR_Ani_Body_00.bmd,Data\Engine2D\Bin\Bobs\CR_Ani_Body_00_s.bmd,,,[],house01,,declared base palette (ordinal 0 of RNG list),[],"{""0"": [411, 412, 413, 414, 415, 416, 417, 418, 419, 420, 421, 422, 423, 424, 425, 426, 427, 428, 429, 430, 431, 432, 433, 434, 435, 436, 437, 438], ""1"": [243, 244, 245, 246, 247, 248, 249, 250, 251, 252, 253, 254, 255, 256, 257, 258, 259, 260, 261, 262, 263, 264, 265, 266, 267, 268, 269, 270], ""2"": [299, 300, 301, 302, 303, 304, 305, 306, 307, 308, 309, 310, 311, 312, 313, 314, 315, 316, 317, 318, 319, 320, 321, 322, 323, 324, 325, 326], ""3"": [439, 440, 441, 442, 443, 444, 445, 446, 447, 448, 449, 450, 451, 452, 453, 454, 455, 456, 457, 458, 459, 460, 461, 462, 463, 464, 465, 466], ""4"": [327, 328, 329, 330, 331, 332, 333, 334, 335, 336, 337, 338, 339, 340, 341, 342, 343, 344, 345, 346, 347, 348, 349, 350, 351, 352, 353, 354], ""5"": [383, 384, 385, 386, 387, 388, 389, 390, 391, 392, 393, 394, 395, 396, 397, 398, 399, 400, 401, 402, 403, 404, 405, 406, 407, 408, 409, 410], ""6"": [355, 356, 357, 358, 359, 360, 361, 362, 363, 364, 365, 366, 367, 368, 369, 370, 371, 372, 373, 374, 375, 376, 377, 378, 379, 380, 381, 382], ""7"": [271, 272, 273, 274, 275, 276, 277, 278, 279, 280, 281, 282, 283, 284, 285, 286, 287, 288, 289, 290, 291, 292, 293, 294, 295, 296, 297, 298]}",{},"frame = min(count-1, floor(count*progress/duration)); duration from atomic length",Animals/tribe_31_ducks/Sheets/cr_ani_body_00__house01/j48_A005_animal_bull_wait_s337.png,Animals/tribe_31_ducks/Sheets/cr_ani_body_00__house01/j48_A005_animal_bull_wait_s337__shadow_mask.png,"[91, 115]","[52, 67]","[0, 1, 2, 3, 4, 5, 6, 7]",RENDERED,COMPATIBLE,[],PIXEL_CONFIRMED,Animals/tribe_31_ducks/young_job48/metadata.json,Animals/tribe_31_ducks/young_job48/index.html
31,Ducks,animal,48,48,baby_animal,Young Animal,young,[48],1131,48,False,walk,,,,[],0,,,100000,0,animal_bull_walk,animal_bull_walk,initial,0,Data\Engine2D\Bin\Bobs\CR_Ani_Body_00.bmd,Data\Engine2D\Bin\Bobs\CR_Ani_Body_00_s.bmd,,,[],house01,,declared base palette (ordinal 0 of RNG list),[],"{""0"": [405, 406, 407, 408, 409, 410, 411, 412, 413, 414, 415, 416, 417, 418, 419, 420, 421, 422, 423, 424], ""1"": [285, 286, 287, 288, 289, 290, 291, 292, 293, 294, 295, 296, 297, 298, 299, 300, 301, 302, 303, 304], ""2"": [325, 326, 327, 328, 329, 330, 331, 332, 333, 334, 335, 336, 337, 338, 339, 340, 341, 342, 343, 344], ""3"": [425, 426, 427, 428, 429, 430, 431, 432, 433, 434, 435, 436, 437, 438, 439, 440, 441, 442, 443, 444], ""4"": [345, 346, 347, 348, 349, 350, 351, 352, 353, 354, 355, 356, 357, 358, 359, 360, 361, 362, 363, 364], ""5"": [385, 386, 387, 388, 389, 390, 391, 392, 393, 394, 395, 396, 397, 398, 399, 400, 401, 402, 403, 404], ""6"": [365, 366, 367, 368, 369, 370, 371, 372, 373, 374, 375, 376, 377, 378, 379, 380, 381, 382, 383, 384], ""7"": [305, 306, 307, 308, 309, 310, 311, 312, 313, 314, 315, 316, 317, 318, 319, 320, 321, 322, 323, 324]}",{},frame = frameTick % count (walk; caller frame tick),Animals/tribe_31_ducks/Sheets/cr_ani_body_00__house01/j48_W000_animal_bull_walk_s1131.png,Animals/tribe_31_ducks/Sheets/cr_ani_body_00__house01/j48_W000_animal_bull_walk_s1131__shadow_mask.png,"[91, 103]","[52, 55]","[0, 1, 2, 3, 4, 5, 6, 7]",RENDERED,COMPATIBLE,[],PIXEL_CONFIRMED,Animals/tribe_31_ducks/young_job48/metadata.json,Animals/tribe_31_ducks/young_job48/index.html
31,Ducks,animal,49,49,adult_animal,Animal,adult,"[49, 48]",336,49,False,atomic,5,animal_duck_adult_idle,100,[],,,0,,0,animal_bull_wait,animal_bull_wait,initial,0,Data\Engine2D\Bin\Bobs\CR_Ani_Body_00.bmd,Data\Engine2D\Bin\Bobs\CR_Ani_Body_00_s.bmd,,,[],house01,,declared base palette (ordinal 0 of RNG list),[],"{""0"": [411, 412, 413, 414, 415, 416, 417, 418, 419, 420, 421, 422, 423, 424, 425, 426, 427, 428, 429, 430, 431, 432, 433, 434, 435, 436, 437, 438], ""1"": [243, 244, 245, 246, 247, 248, 249, 250, 251, 252, 253, 254, 255, 256, 257, 258, 259, 260, 261, 262, 263, 264, 265, 266, 267, 268, 269, 270], ""2"": [299, 300, 301, 302, 303, 304, 305, 306, 307, 308, 309, 310, 311, 312, 313, 314, 315, 316, 317, 318, 319, 320, 321, 322, 323, 324, 325, 326], ""3"": [439, 440, 441, 442, 443, 444, 445, 446, 447, 448, 449, 450, 451, 452, 453, 454, 455, 456, 457, 458, 459, 460, 461, 462, 463, 464, 465, 466], ""4"": [327, 328, 329, 330, 331, 332, 333, 334, 335, 336, 337, 338, 339, 340, 341, 342, 343, 344, 345, 346, 347, 348, 349, 350, 351, 352, 353, 354], ""5"": [383, 384, 385, 386, 387, 388, 389, 390, 391, 392, 393, 394, 395, 396, 397, 398, 399, 400, 401, 402, 403, 404, 405, 406, 407, 408, 409, 410], ""6"": [355, 356, 357, 358, 359, 360, 361, 362, 363, 364, 365, 366, 367, 368, 369, 370, 371, 372, 373, 374, 375, 376, 377, 378, 379, 380, 381, 382], ""7"": [271, 272, 273, 274, 275, 276, 277, 278, 279, 280, 281, 282, 283, 284, 285, 286, 287, 288, 289, 290, 291, 292, 293, 294, 295, 296, 297, 298]}",{},"frame = min(count-1, floor(count*progress/duration)); duration from atomic length",Animals/tribe_31_ducks/Sheets/cr_ani_body_00__house01/j49_A005_animal_bull_wait_s336.png,Animals/tribe_31_ducks/Sheets/cr_ani_body_00__house01/j49_A005_animal_bull_wait_s336__shadow_mask.png,"[91, 115]","[52, 67]","[0, 1, 2, 3, 4, 5, 6, 7]",RENDERED,COMPATIBLE,[],PIXEL_CONFIRMED,Animals/tribe_31_ducks/adult_job49/metadata.json,Animals/tribe_31_ducks/adult_job49/index.html
31,Ducks,animal,49,49,adult_animal,Animal,adult,"[49, 48]",1130,49,False,walk,,,,[],0,,,100000,0,animal_bull_walk,animal_bull_walk,initial,0,Data\Engine2D\Bin\Bobs\CR_Ani_Body_00.bmd,Data\Engine2D\Bin\Bobs\CR_Ani_Body_00_s.bmd,,,[],house01,,declared base palette (ordinal 0 of RNG list),[],"{""0"": [405, 406, 407, 408, 409, 410, 411, 412, 413, 414, 415, 416, 417, 418, 419, 420, 421, 422, 423, 424], ""1"": [285, 286, 287, 288, 289, 290, 291, 292, 293, 294, 295, 296, 297, 298, 299, 300, 301, 302, 303, 304], ""2"": [325, 326, 327, 328, 329, 330, 331, 332, 333, 334, 335, 336, 337, 338, 339, 340, 341, 342, 343, 344], ""3"": [425, 426, 427, 428, 429, 430, 431, 432, 433, 434, 435, 436, 437, 438, 439, 440, 441, 442, 443, 444], ""4"": [345, 346, 347, 348, 349, 350, 351, 352, 353, 354, 355, 356, 357, 358, 359, 360, 361, 362, 363, 364], ""5"": [385, 386, 387, 388, 389, 390, 391, 392, 393, 394, 395, 396, 397, 398, 399, 400, 401, 402, 403, 404], ""6"": [365, 366, 367, 368, 369, 370, 371, 372, 373, 374, 375, 376, 377, 378, 379, 380, 381, 382, 383, 384], ""7"": [305, 306, 307, 308, 309, 310, 311, 312, 313, 314, 315, 316, 317, 318, 319, 320, 321, 322, 323, 324]}",{},frame = frameTick % count (walk; caller frame tick),Animals/tribe_31_ducks/Sheets/cr_ani_body_00__house01/j49_W000_animal_bull_walk_s1130.png,Animals/tribe_31_ducks/Sheets/cr_ani_body_00__house01/j49_W000_animal_bull_walk_s1130__shadow_mask.png,"[91, 103]","[52, 55]","[0, 1, 2, 3, 4, 5, 6, 7]",RENDERED,COMPATIBLE,[],PIXEL_CONFIRMED,Animals/tribe_31_ducks/adult_job49/metadata.json,Animals/tribe_31_ducks/adult_job49/index.html
34,Bees,animal,48,48,baby_animal,Young Animal,young,[48],239,48,False,atomic,5,animal_bee_baby_idle,100,[],,,0,,0,animal_bull_wait,animal_bull_wait,initial,0,Data\Engine2D\Bin\Bobs\CR_Ani_Body_00.bmd,Data\Engine2D\Bin\Bobs\CR_Ani_Body_00_s.bmd,,,[],house01,,declared base palette (ordinal 0 of RNG list),[],"{""0"": [411, 412, 413, 414, 415, 416, 417, 418, 419, 420, 421, 422, 423, 424, 425, 426, 427, 428, 429, 430, 431, 432, 433, 434, 435, 436, 437, 438], ""1"": [243, 244, 245, 246, 247, 248, 249, 250, 251, 252, 253, 254, 255, 256, 257, 258, 259, 260, 261, 262, 263, 264, 265, 266, 267, 268, 269, 270], ""2"": [299, 300, 301, 302, 303, 304, 305, 306, 307, 308, 309, 310, 311, 312, 313, 314, 315, 316, 317, 318, 319, 320, 321, 322, 323, 324, 325, 326], ""3"": [439, 440, 441, 442, 443, 444, 445, 446, 447, 448, 449, 450, 451, 452, 453, 454, 455, 456, 457, 458, 459, 460, 461, 462, 463, 464, 465, 466], ""4"": [327, 328, 329, 330, 331, 332, 333, 334, 335, 336, 337, 338, 339, 340, 341, 342, 343, 344, 345, 346, 347, 348, 349, 350, 351, 352, 353, 354], ""5"": [383, 384, 385, 386, 387, 388, 389, 390, 391, 392, 393, 394, 395, 396, 397, 398, 399, 400, 401, 402, 403, 404, 405, 406, 407, 408, 409, 410], ""6"": [355, 356, 357, 358, 359, 360, 361, 362, 363, 364, 365, 366, 367, 368, 369, 370, 371, 372, 373, 374, 375, 376, 377, 378, 379, 380, 381, 382], ""7"": [271, 272, 273, 274, 275, 276, 277, 278, 279, 280, 281, 282, 283, 284, 285, 286, 287, 288, 289, 290, 291, 292, 293, 294, 295, 296, 297, 298]}",{},"frame = min(count-1, floor(count*progress/duration)); duration from atomic length",Animals/tribe_34_bees/Sheets/cr_ani_body_00__house01/j48_A005_animal_bull_wait_s239.png,Animals/tribe_34_bees/Sheets/cr_ani_body_00__house01/j48_A005_animal_bull_wait_s239__shadow_mask.png,"[91, 115]","[52, 67]","[0, 1, 2, 3, 4, 5, 6, 7]",RENDERED,COMPATIBLE,[],PIXEL_CONFIRMED,Animals/tribe_34_bees/young_job48/metadata.json,Animals/tribe_34_bees/young_job48/index.html
34,Bees,animal,48,48,baby_animal,Young Animal,young,[48],1107,48,False,walk,,,,[],0,,,100000,0,animal_bull_walk,animal_bull_walk,initial,0,Data\Engine2D\Bin\Bobs\CR_Ani_Body_00.bmd,Data\Engine2D\Bin\Bobs\CR_Ani_Body_00_s.bmd,,,[],house01,,declared base palette (ordinal 0 of RNG list),[],"{""0"": [405, 406, 407, 408, 409, 410, 411, 412, 413, 414, 415, 416, 417, 418, 419, 420, 421, 422, 423, 424], ""1"": [285, 286, 287, 288, 289, 290, 291, 292, 293, 294, 295, 296, 297, 298, 299, 300, 301, 302, 303, 304], ""2"": [325, 326, 327, 328, 329, 330, 331, 332, 333, 334, 335, 336, 337, 338, 339, 340, 341, 342, 343, 344], ""3"": [425, 426, 427, 428, 429, 430, 431, 432, 433, 434, 435, 436, 437, 438, 439, 440, 441, 442, 443, 444], ""4"": [345, 346, 347, 348, 349, 350, 351, 352, 353, 354, 355, 356, 357, 358, 359, 360, 361, 362, 363, 364], ""5"": [385, 386, 387, 388, 389, 390, 391, 392, 393, 394, 395, 396, 397, 398, 399, 400, 401, 402, 403, 404], ""6"": [365, 366, 367, 368, 369, 370, 371, 372, 373, 374, 375, 376, 377, 378, 379, 380, 381, 382, 383, 384], ""7"": [305, 306, 307, 308, 309, 310, 311, 312, 313, 314, 315, 316, 317, 318, 319, 320, 321, 322, 323, 324]}",{},frame = frameTick % count (walk; caller frame tick),Animals/tribe_34_bees/Sheets/cr_ani_body_00__house01/j48_W000_animal_bull_walk_s1107.png,Animals/tribe_34_bees/Sheets/cr_ani_body_00__house01/j48_W000_animal_bull_walk_s1107__shadow_mask.png,"[91, 103]","[52, 55]","[0, 1, 2, 3, 4, 5, 6, 7]",RENDERED,COMPATIBLE,[],PIXEL_CONFIRMED,Animals/tribe_34_bees/young_job48/metadata.json,Animals/tribe_34_bees/young_job48/index.html
34,Bees,animal,49,49,adult_animal,Animal,adult,"[49, 48]",238,49,False,atomic,5,animal_bee_adult_idle,100,[],,,0,,0,animal_bull_wait,animal_bull_wait,initial,0,Data\Engine2D\Bin\Bobs\CR_Ani_Body_00.bmd,Data\Engine2D\Bin\Bobs\CR_Ani_Body_00_s.bmd,,,[],house01,,declared base palette (ordinal 0 of RNG list),[],"{""0"": [411, 412, 413, 414, 415, 416, 417, 418, 419, 420, 421, 422, 423, 424, 425, 426, 427, 428, 429, 430, 431, 432, 433, 434, 435, 436, 437, 438], ""1"": [243, 244, 245, 246, 247, 248, 249, 250, 251, 252, 253, 254, 255, 256, 257, 258, 259, 260, 261, 262, 263, 264, 265, 266, 267, 268, 269, 270], ""2"": [299, 300, 301, 302, 303, 304, 305, 306, 307, 308, 309, 310, 311, 312, 313, 314, 315, 316, 317, 318, 319, 320, 321, 322, 323, 324, 325, 326], ""3"": [439, 440, 441, 442, 443, 444, 445, 446, 447, 448, 449, 450, 451, 452, 453, 454, 455, 456, 457, 458, 459, 460, 461, 462, 463, 464, 465, 466], ""4"": [327, 328, 329, 330, 331, 332, 333, 334, 335, 336, 337, 338, 339, 340, 341, 342, 343, 344, 345, 346, 347, 348, 349, 350, 351, 352, 353, 354], ""5"": [383, 384, 385, 386, 387, 388, 389, 390, 391, 392, 393, 394, 395, 396, 397, 398, 399, 400, 401, 402, 403, 404, 405, 406, 407, 408, 409, 410], ""6"": [355, 356, 357, 358, 359, 360, 361, 362, 363, 364, 365, 366, 367, 368, 369, 370, 371, 372, 373, 374, 375, 376, 377, 378, 379, 380, 381, 382], ""7"": [271, 272, 273, 274, 275, 276, 277, 278, 279, 280, 281, 282, 283, 284, 285, 286, 287, 288, 289, 290, 291, 292, 293, 294, 295, 296, 297, 298]}",{},"frame = min(count-1, floor(count*progress/duration)); duration from atomic length",Animals/tribe_34_bees/Sheets/cr_ani_body_00__house01/j49_A005_animal_bull_wait_s238.png,Animals/tribe_34_bees/Sheets/cr_ani_body_00__house01/j49_A005_animal_bull_wait_s238__shadow_mask.png,"[91, 115]","[52, 67]","[0, 1, 2, 3, 4, 5, 6, 7]",RENDERED,COMPATIBLE,[],PIXEL_CONFIRMED,Animals/tribe_34_bees/adult_job49/metadata.json,Animals/tribe_34_bees/adult_job49/index.html
34,Bees,animal,49,49,adult_animal,Animal,adult,"[49, 48]",1106,49,False,walk,,,,[],0,,,100000,0,animal_bull_walk,animal_bull_walk,initial,0,Data\Engine2D\Bin\Bobs\CR_Ani_Body_00.bmd,Data\Engine2D\Bin\Bobs\CR_Ani_Body_00_s.bmd,,,[],house01,,declared base palette (ordinal 0 of RNG list),[],"{""0"": [405, 406, 407, 408, 409, 410, 411, 412, 413, 414, 415, 416, 417, 418, 419, 420, 421, 422, 423, 424], ""1"": [285, 286, 287, 288, 289, 290, 291, 292, 293, 294, 295, 296, 297, 298, 299, 300, 301, 302, 303, 304], ""2"": [325, 326, 327, 328, 329, 330, 331, 332, 333, 334, 335, 336, 337, 338, 339, 340, 341, 342, 343, 344], ""3"": [425, 426, 427, 428, 429, 430, 431, 432, 433, 434, 435, 436, 437, 438, 439, 440, 441, 442, 443, 444], ""4"": [345, 346, 347, 348, 349, 350, 351, 352, 353, 354, 355, 356, 357, 358, 359, 360, 361, 362, 363, 364], ""5"": [385, 386, 387, 388, 389, 390, 391, 392, 393, 394, 395, 396, 397, 398, 399, 400, 401, 402, 403, 404], ""6"": [365, 366, 367, 368, 369, 370, 371, 372, 373, 374, 375, 376, 377, 378, 379, 380, 381, 382, 383, 384], ""7"": [305, 306, 307, 308, 309, 310, 311, 312, 313, 314, 315, 316, 317, 318, 319, 320, 321, 322, 323, 324]}",{},frame = frameTick % count (walk; caller frame tick),Animals/tribe_34_bees/Sheets/cr_ani_body_00__house01/j49_W000_animal_bull_walk_s1106.png,Animals/tribe_34_bees/Sheets/cr_ani_body_00__house01/j49_W000_animal_bull_walk_s1106__shadow_mask.png,"[91, 103]","[52, 55]","[0, 1, 2, 3, 4, 5, 6, 7]",RENDERED,COMPATIBLE,[],PIXEL_CONFIRMED,Animals/tribe_34_bees/adult_job49/metadata.json,Animals/tribe_34_bees/adult_job49/index.html
35,Butterflies,animal,48,48,baby_animal,Young Animal,young,[48],266,48,False,atomic,2,animal_butterfly_baby_idle,26,[],,,0,,0,,,initial,0,Data\Engine2D\Bin\Bobs\CR_Ani_Body_01.bmd,Data\Engine2D\Bin\Bobs\CR_Ani_Body_01_s.bmd,,,[],butterfly01,,declared base palette (ordinal 0 of RNG list),[],"{""0"": [33, 34, 35, 36, 37, 38, 39, 40, 41, 42, 43, 44, 45, 46, 47, 48, 49, 50, 51, 52, 53, 54, 55, 56, 57, 58, 59, 60], ""1"": [33, 34, 35, 36, 37, 38, 39, 40, 41, 42, 43, 44, 45, 46, 47, 48, 49, 50, 51, 52, 53, 54, 55, 56, 57, 58, 59, 60], ""2"": [33, 34, 35, 36, 37, 38, 39, 40, 41, 42, 43, 44, 45, 46, 47, 48, 49, 50, 51, 52, 53, 54, 55, 56, 57, 58, 59, 60], ""3"": [33, 34, 35, 36, 37, 38, 39, 40, 41, 42, 43, 44, 45, 46, 47, 48, 49, 50, 51, 52, 53, 54, 55, 56, 57, 58, 59, 60], ""4"": [33, 34, 35, 36, 37, 38, 39, 40, 41, 42, 43, 44, 45, 46, 47, 48, 49, 50, 51, 52, 53, 54, 55, 56, 57, 58, 59, 60], ""5"": [33, 34, 35, 36, 37, 38, 39, 40, 41, 42, 43, 44, 45, 46, 47, 48, 49, 50, 51, 52, 53, 54, 55, 56, 57, 58, 59, 60], ""6"": [33, 34, 35, 36, 37, 38, 39, 40, 41, 42, 43, 44, 45, 46, 47, 48, 49, 50, 51, 52, 53, 54, 55, 56, 57, 58, 59, 60], ""7"": [33, 34, 35, 36, 37, 38, 39, 40, 41, 42, 43, 44, 45, 46, 47, 48, 49, 50, 51, 52, 53, 54, 55, 56, 57, 58, 59, 60]}",{},"frame = min(count-1, floor(count*progress/duration)); duration from atomic length",Animals/tribe_35_butterflies/Sheets/cr_ani_body_01__butterfly01/j48_A002_absolute_s266.png,,"[39, 21]","[21, 22]","[0, 1, 2, 3, 4, 5, 6, 7]",RENDERED,COMPATIBLE,"[""SHADOW_BOB_ABSENT_IN_LIBRARY""]",PIXEL_CONFIRMED,Animals/tribe_35_butterflies/young_job48/metadata.json,Animals/tribe_35_butterflies/young_job48/index.html
35,Butterflies,animal,48,48,baby_animal,Young Animal,young,[48],264,48,False,atomic,3,animal_butterfly_baby_idle_short_a,28,[],,,0,,1,,,initial,0,Data\Engine2D\Bin\Bobs\CR_Ani_Body_01.bmd,Data\Engine2D\Bin\Bobs\CR_Ani_Body_01_s.bmd,,,[],butterfly01,,declared base palette (ordinal 0 of RNG list),[],"{""0"": [33, 34, 35, 36, 37, 38, 39, 40, 41, 42, 43, 44, 45, 46, 47, 48, 49, 50, 51, 52, 53, 54, 55, 56, 57, 58, 59, 60, 61, 62, 63, 64, 65], ""1"": [33, 34, 35, 36, 37, 38, 39, 40, 41, 42, 43, 44, 45, 46, 47, 48, 49, 50, 51, 52, 53, 54, 55, 56, 57, 58, 59, 60, 61, 62, 63, 64, 65], ""2"": [33, 34, 35, 36, 37, 38, 39, 40, 41, 42, 43, 44, 45, 46, 47, 48, 49, 50, 51, 52, 53, 54, 55, 56, 57, 58, 59, 60, 61, 62, 63, 64, 65], ""3"": [33, 34, 35, 36, 37, 38, 39, 40, 41, 42, 43, 44, 45, 46, 47, 48, 49, 50, 51, 52, 53, 54, 55, 56, 57, 58, 59, 60, 61, 62, 63, 64, 65], ""4"": [33, 34, 35, 36, 37, 38, 39, 40, 41, 42, 43, 44, 45, 46, 47, 48, 49, 50, 51, 52, 53, 54, 55, 56, 57, 58, 59, 60, 61, 62, 63, 64, 65], ""5"": [33, 34, 35, 36, 37, 38, 39, 40, 41, 42, 43, 44, 45, 46, 47, 48, 49, 50, 51, 52, 53, 54, 55, 56, 57, 58, 59, 60, 61, 62, 63, 64, 65], ""6"": [33, 34, 35, 36, 37, 38, 39, 40, 41, 42, 43, 44, 45, 46, 47, 48, 49, 50, 51, 52, 53, 54, 55, 56, 57, 58, 59, 60, 61, 62, 63, 64, 65], ""7"": [33, 34, 35, 36, 37, 38, 39, 40, 41, 42, 43, 44, 45, 46, 47, 48, 49, 50, 51, 52, 53, 54, 55, 56, 57, 58, 59, 60, 61, 62, 63, 64, 65]}",{},frame = progress % count (mode 1),Animals/tribe_35_butterflies/Sheets/cr_ani_body_01__butterfly01/j48_A003_absolute_s264.png,,"[39, 21]","[21, 22]","[0, 1, 2, 3, 4, 5, 6, 7]",RENDERED,COMPATIBLE,"[""SHADOW_BOB_ABSENT_IN_LIBRARY""]",PIXEL_CONFIRMED,Animals/tribe_35_butterflies/young_job48/metadata.json,Animals/tribe_35_butterflies/young_job48/index.html
35,Butterflies,animal,48,48,baby_animal,Young Animal,young,[48],265,48,False,atomic,4,animal_butterfly_baby_idle_short_b,30,[],,,0,,0,,,initial,0,Data\Engine2D\Bin\Bobs\CR_Ani_Body_01.bmd,Data\Engine2D\Bin\Bobs\CR_Ani_Body_01_s.bmd,,,[],butterfly01,,declared base palette (ordinal 0 of RNG list),[],"{""0"": [33, 34, 35, 36, 37, 38, 39, 40, 41, 42, 43, 44, 45, 46, 47, 48, 49, 50, 51, 52, 53, 54, 55, 56, 57, 58, 59, 60], ""1"": [33, 34, 35, 36, 37, 38, 39, 40, 41, 42, 43, 44, 45, 46, 47, 48, 49, 50, 51, 52, 53, 54, 55, 56, 57, 58, 59, 60], ""2"": [33, 34, 35, 36, 37, 38, 39, 40, 41, 42, 43, 44, 45, 46, 47, 48, 49, 50, 51, 52, 53, 54, 55, 56, 57, 58, 59, 60], ""3"": [33, 34, 35, 36, 37, 38, 39, 40, 41, 42, 43, 44, 45, 46, 47, 48, 49, 50, 51, 52, 53, 54, 55, 56, 57, 58, 59, 60], ""4"": [33, 34, 35, 36, 37, 38, 39, 40, 41, 42, 43, 44, 45, 46, 47, 48, 49, 50, 51, 52, 53, 54, 55, 56, 57, 58, 59, 60], ""5"": [33, 34, 35, 36, 37, 38, 39, 40, 41, 42, 43, 44, 45, 46, 47, 48, 49, 50, 51, 52, 53, 54, 55, 56, 57, 58, 59, 60], ""6"": [33, 34, 35, 36, 37, 38, 39, 40, 41, 42, 43, 44, 45, 46, 47, 48, 49, 50, 51, 52, 53, 54, 55, 56, 57, 58, 59, 60], ""7"": [33, 34, 35, 36, 37, 38, 39, 40, 41, 42, 43, 44, 45, 46, 47, 48, 49, 50, 51, 52, 53, 54, 55, 56, 57, 58, 59, 60]}",{},"frame = min(count-1, floor(count*progress/duration)); duration from atomic length",Animals/tribe_35_butterflies/Sheets/cr_ani_body_01__butterfly01/j48_A004_absolute_s265.png,,"[39, 21]","[21, 22]","[0, 1, 2, 3, 4, 5, 6, 7]",RENDERED,COMPATIBLE,"[""SHADOW_BOB_ABSENT_IN_LIBRARY""]",PIXEL_CONFIRMED,Animals/tribe_35_butterflies/young_job48/metadata.json,Animals/tribe_35_butterflies/young_job48/index.html
35,Butterflies,animal,48,48,baby_animal,Young Animal,young,[48],267,48,False,atomic,9,animal_bear_eat,20,[],,,0,,0,,,initial,0,Data\Engine2D\Bin\Bobs\CR_Ani_Body_01.bmd,Data\Engine2D\Bin\Bobs\CR_Ani_Body_01_s.bmd,,,[],butterfly01,,declared base palette (ordinal 0 of RNG list),[],"{""0"": [33, 34, 35, 36, 37, 38, 39, 40, 41, 42, 43, 44, 45, 46, 47, 48, 49, 50, 51, 52, 53, 54, 55, 56, 57, 58, 59, 60], ""1"": [33, 34, 35, 36, 37, 38, 39, 40, 41, 42, 43, 44, 45, 46, 47, 48, 49, 50, 51, 52, 53, 54, 55, 56, 57, 58, 59, 60], ""2"": [33, 34, 35, 36, 37, 38, 39, 40, 41, 42, 43, 44, 45, 46, 47, 48, 49, 50, 51, 52, 53, 54, 55, 56, 57, 58, 59, 60], ""3"": [33, 34, 35, 36, 37, 38, 39, 40, 41, 42, 43, 44, 45, 46, 47, 48, 49, 50, 51, 52, 53, 54, 55, 56, 57, 58, 59, 60], ""4"": [33, 34, 35, 36, 37, 38, 39, 40, 41, 42, 43, 44, 45, 46, 47, 48, 49, 50, 51, 52, 53, 54, 55, 56, 57, 58, 59, 60], ""5"": [33, 34, 35, 36, 37, 38, 39, 40, 41, 42, 43, 44, 45, 46, 47, 48, 49, 50, 51, 52, 53, 54, 55, 56, 57, 58, 59, 60], ""6"": [33, 34, 35, 36, 37, 38, 39, 40, 41, 42, 43, 44, 45, 46, 47, 48, 49, 50, 51, 52, 53, 54, 55, 56, 57, 58, 59, 60], ""7"": [33, 34, 35, 36, 37, 38, 39, 40, 41, 42, 43, 44, 45, 46, 47, 48, 49, 50, 51, 52, 53, 54, 55, 56, 57, 58, 59, 60]}",{},"frame = min(count-1, floor(count*progress/duration)); duration from atomic length",Animals/tribe_35_butterflies/Sheets/cr_ani_body_01__butterfly01/j48_A009_absolute_s267.png,,"[39, 21]","[21, 22]","[0, 1, 2, 3, 4, 5, 6, 7]",RENDERED,COMPATIBLE,"[""SHADOW_BOB_ABSENT_IN_LIBRARY""]",PIXEL_CONFIRMED,Animals/tribe_35_butterflies/young_job48/metadata.json,Animals/tribe_35_butterflies/young_job48/index.html
35,Butterflies,animal,48,48,baby_animal,Young Animal,young,[48],1117,48,False,walk,,,,[],0,,,100000,0,,,initial,0,Data\Engine2D\Bin\Bobs\CR_Ani_Body_01.bmd,Data\Engine2D\Bin\Bobs\CR_Ani_Body_01_s.bmd,,,[],butterfly01,,declared base palette (ordinal 0 of RNG list),[],"{""0"": [33, 34, 35, 36, 37, 38, 39, 40, 41, 42, 43, 44, 45, 46, 47, 48, 49, 50, 51, 52, 53, 54, 55, 56, 57, 58, 59, 60, 61, 62, 63, 64, 65], ""1"": [33, 34, 35, 36, 37, 38, 39, 40, 41, 42, 43, 44, 45, 46, 47, 48, 49, 50, 51, 52, 53, 54, 55, 56, 57, 58, 59, 60, 61, 62, 63, 64, 65], ""2"": [33, 34, 35, 36, 37, 38, 39, 40, 41, 42, 43, 44, 45, 46, 47, 48, 49, 50, 51, 52, 53, 54, 55, 56, 57, 58, 59, 60, 61, 62, 63, 64, 65], ""3"": [33, 34, 35, 36, 37, 38, 39, 40, 41, 42, 43, 44, 45, 46, 47, 48, 49, 50, 51, 52, 53, 54, 55, 56, 57, 58, 59, 60, 61, 62, 63, 64, 65], ""4"": [33, 34, 35, 36, 37, 38, 39, 40, 41, 42, 43, 44, 45, 46, 47, 48, 49, 50, 51, 52, 53, 54, 55, 56, 57, 58, 59, 60, 61, 62, 63, 64, 65], ""5"": [33, 34, 35, 36, 37, 38, 39, 40, 41, 42, 43, 44, 45, 46, 47, 48, 49, 50, 51, 52, 53, 54, 55, 56, 57, 58, 59, 60, 61, 62, 63, 64, 65], ""6"": [33, 34, 35, 36, 37, 38, 39, 40, 41, 42, 43, 44, 45, 46, 47, 48, 49, 50, 51, 52, 53, 54, 55, 56, 57, 58, 59, 60, 61, 62, 63, 64, 65], ""7"": [33, 34, 35, 36, 37, 38, 39, 40, 41, 42, 43, 44, 45, 46, 47, 48, 49, 50, 51, 52, 53, 54, 55, 56, 57, 58, 59, 60, 61, 62, 63, 64, 65]}",{},frame = frameTick % count (walk; caller frame tick),Animals/tribe_35_butterflies/Sheets/cr_ani_body_01__butterfly01/j48_W000_absolute_s1117.png,,"[39, 21]","[21, 22]","[0, 1, 2, 3, 4, 5, 6, 7]",RENDERED,COMPATIBLE,"[""SHADOW_BOB_ABSENT_IN_LIBRARY""]",PIXEL_CONFIRMED,Animals/tribe_35_butterflies/young_job48/metadata.json,Animals/tribe_35_butterflies/young_job48/index.html
35,Butterflies,animal,49,49,adult_animal,Animal,adult,"[49, 48]",260,49,False,atomic,2,animal_butterfly_adult_idle,26,[],,,0,,0,,,initial,0,Data\Engine2D\Bin\Bobs\CR_Ani_Body_01.bmd,Data\Engine2D\Bin\Bobs\CR_Ani_Body_01_s.bmd,,,[],butterfly01,,declared base palette (ordinal 0 of RNG list),[],"{""0"": [0, 1, 2, 3, 4, 5, 6, 7, 8, 9, 10, 11, 12, 13, 14, 15, 16, 17, 18, 19, 20, 21, 22, 23, 24, 25, 26, 27, 28, 29, 30, 31, 32], ""1"": [0, 1, 2, 3, 4, 5, 6, 7, 8, 9, 10, 11, 12, 13, 14, 15, 16, 17, 18, 19, 20, 21, 22, 23, 24, 25, 26, 27, 28, 29, 30, 31, 32], ""2"": [0, 1, 2, 3, 4, 5, 6, 7, 8, 9, 10, 11, 12, 13, 14, 15, 16, 17, 18, 19, 20, 21, 22, 23, 24, 25, 26, 27, 28, 29, 30, 31, 32], ""3"": [0, 1, 2, 3, 4, 5, 6, 7, 8, 9, 10, 11, 12, 13, 14, 15, 16, 17, 18, 19, 20, 21, 22, 23, 24, 25, 26, 27, 28, 29, 30, 31, 32], ""4"": [0, 1, 2, 3, 4, 5, 6, 7, 8, 9, 10, 11, 12, 13, 14, 15, 16, 17, 18, 19, 20, 21, 22, 23, 24, 25, 26, 27, 28, 29, 30, 31, 32], ""5"": [0, 1, 2, 3, 4, 5, 6, 7, 8, 9, 10, 11, 12, 13, 14, 15, 16, 17, 18, 19, 20, 21, 22, 23, 24, 25, 26, 27, 28, 29, 30, 31, 32], ""6"": [0, 1, 2, 3, 4, 5, 6, 7, 8, 9, 10, 11, 12, 13, 14, 15, 16, 17, 18, 19, 20, 21, 22, 23, 24, 25, 26, 27, 28, 29, 30, 31, 32], ""7"": [0, 1, 2, 3, 4, 5, 6, 7, 8, 9, 10, 11, 12, 13, 14, 15, 16, 17, 18, 19, 20, 21, 22, 23, 24, 25, 26, 27, 28, 29, 30, 31, 32]}",{},"frame = min(count-1, floor(count*progress/duration)); duration from atomic length",Animals/tribe_35_butterflies/Sheets/cr_ani_body_01__butterfly01/j49_A002_absolute_s260.png,,"[36, 28]","[16, 33]","[0, 1, 2, 3, 4, 5, 6, 7]",RENDERED,COMPATIBLE,"[""SHADOW_BOB_ABSENT_IN_LIBRARY""]",PIXEL_CONFIRMED,Animals/tribe_35_butterflies/adult_job49/metadata.json,Animals/tribe_35_butterflies/adult_job49/index.html
35,Butterflies,animal,49,49,adult_animal,Animal,adult,"[49, 48]",261,49,False,atomic,3,animal_butterfly_adult_idle_short_a,28,[],,,0,,1,,,initial,0,Data\Engine2D\Bin\Bobs\CR_Ani_Body_01.bmd,Data\Engine2D\Bin\Bobs\CR_Ani_Body_01_s.bmd,,,[],butterfly01,,declared base palette (ordinal 0 of RNG list),[],"{""0"": [0, 1, 2, 3, 4, 5, 6, 7, 8, 9, 10, 11, 12, 13, 14, 15, 16, 17, 18, 19, 20, 21, 22, 23, 24, 25, 26, 27, 28, 29, 30, 31, 32], ""1"": [0, 1, 2, 3, 4, 5, 6, 7, 8, 9, 10, 11, 12, 13, 14, 15, 16, 17, 18, 19, 20, 21, 22, 23, 24, 25, 26, 27, 28, 29, 30, 31, 32], ""2"": [0, 1, 2, 3, 4, 5, 6, 7, 8, 9, 10, 11, 12, 13, 14, 15, 16, 17, 18, 19, 20, 21, 22, 23, 24, 25, 26, 27, 28, 29, 30, 31, 32], ""3"": [0, 1, 2, 3, 4, 5, 6, 7, 8, 9, 10, 11, 12, 13, 14, 15, 16, 17, 18, 19, 20, 21, 22, 23, 24, 25, 26, 27, 28, 29, 30, 31, 32], ""4"": [0, 1, 2, 3, 4, 5, 6, 7, 8, 9, 10, 11, 12, 13, 14, 15, 16, 17, 18, 19, 20, 21, 22, 23, 24, 25, 26, 27, 28, 29, 30, 31, 32], ""5"": [0, 1, 2, 3, 4, 5, 6, 7, 8, 9, 10, 11, 12, 13, 14, 15, 16, 17, 18, 19, 20, 21, 22, 23, 24, 25, 26, 27, 28, 29, 30, 31, 32], ""6"": [0, 1, 2, 3, 4, 5, 6, 7, 8, 9, 10, 11, 12, 13, 14, 15, 16, 17, 18, 19, 20, 21, 22, 23, 24, 25, 26, 27, 28, 29, 30, 31, 32], ""7"": [0, 1, 2, 3, 4, 5, 6, 7, 8, 9, 10, 11, 12, 13, 14, 15, 16, 17, 18, 19, 20, 21, 22, 23, 24, 25, 26, 27, 28, 29, 30, 31, 32]}",{},frame = progress % count (mode 1),Animals/tribe_35_butterflies/Sheets/cr_ani_body_01__butterfly01/j49_A003_absolute_s261.png,,"[36, 28]","[16, 33]","[0, 1, 2, 3, 4, 5, 6, 7]",RENDERED,COMPATIBLE,"[""SHADOW_BOB_ABSENT_IN_LIBRARY""]",PIXEL_CONFIRMED,Animals/tribe_35_butterflies/adult_job49/metadata.json,Animals/tribe_35_butterflies/adult_job49/index.html
35,Butterflies,animal,49,49,adult_animal,Animal,adult,"[49, 48]",262,49,False,atomic,4,animal_butterfly_adult_idle_short_b,30,[],,,0,,0,,,initial,0,Data\Engine2D\Bin\Bobs\CR_Ani_Body_01.bmd,Data\Engine2D\Bin\Bobs\CR_Ani_Body_01_s.bmd,,,[],butterfly01,,declared base palette (ordinal 0 of RNG list),[],"{""0"": [0, 1, 2, 3, 4, 5, 6, 7, 8, 9, 10, 11, 12, 13, 14, 15, 16, 17, 18, 19, 20, 21, 22, 23, 24, 25, 26, 27, 28, 29, 30, 31, 32], ""1"": [0, 1, 2, 3, 4, 5, 6, 7, 8, 9, 10, 11, 12, 13, 14, 15, 16, 17, 18, 19, 20, 21, 22, 23, 24, 25, 26, 27, 28, 29, 30, 31, 32], ""2"": [0, 1, 2, 3, 4, 5, 6, 7, 8, 9, 10, 11, 12, 13, 14, 15, 16, 17, 18, 19, 20, 21, 22, 23, 24, 25, 26, 27, 28, 29, 30, 31, 32], ""3"": [0, 1, 2, 3, 4, 5, 6, 7, 8, 9, 10, 11, 12, 13, 14, 15, 16, 17, 18, 19, 20, 21, 22, 23, 24, 25, 26, 27, 28, 29, 30, 31, 32], ""4"": [0, 1, 2, 3, 4, 5, 6, 7, 8, 9, 10, 11, 12, 13, 14, 15, 16, 17, 18, 19, 20, 21, 22, 23, 24, 25, 26, 27, 28, 29, 30, 31, 32], ""5"": [0, 1, 2, 3, 4, 5, 6, 7, 8, 9, 10, 11, 12, 13, 14, 15, 16, 17, 18, 19, 20, 21, 22, 23, 24, 25, 26, 27, 28, 29, 30, 31, 32], ""6"": [0, 1, 2, 3, 4, 5, 6, 7, 8, 9, 10, 11, 12, 13, 14, 15, 16, 17, 18, 19, 20, 21, 22, 23, 24, 25, 26, 27, 28, 29, 30, 31, 32], ""7"": [0, 1, 2, 3, 4, 5, 6, 7, 8, 9, 10, 11, 12, 13, 14, 15, 16, 17, 18, 19, 20, 21, 22, 23, 24, 25, 26, 27, 28, 29, 30, 31, 32]}",{},"frame = min(count-1, floor(count*progress/duration)); duration from atomic length",Animals/tribe_35_butterflies/Sheets/cr_ani_body_01__butterfly01/j49_A004_absolute_s262.png,,"[36, 28]","[16, 33]","[0, 1, 2, 3, 4, 5, 6, 7]",RENDERED,COMPATIBLE,"[""SHADOW_BOB_ABSENT_IN_LIBRARY""]",PIXEL_CONFIRMED,Animals/tribe_35_butterflies/adult_job49/metadata.json,Animals/tribe_35_butterflies/adult_job49/index.html
35,Butterflies,animal,49,49,adult_animal,Animal,adult,"[49, 48]",263,49,False,atomic,9,animal_bear_eat,20,[],,,0,,0,,,initial,0,Data\Engine2D\Bin\Bobs\CR_Ani_Body_01.bmd,Data\Engine2D\Bin\Bobs\CR_Ani_Body_01_s.bmd,,,[],butterfly01,,declared base palette (ordinal 0 of RNG list),[],"{""0"": [0, 1, 2, 3, 4, 5, 6, 7, 8, 9, 10, 11, 12, 13, 14, 15, 16, 17, 18, 19, 20, 21, 22, 23, 24, 25, 26, 27, 28, 29, 30, 31, 32], ""1"": [0, 1, 2, 3, 4, 5, 6, 7, 8, 9, 10, 11, 12, 13, 14, 15, 16, 17, 18, 19, 20, 21, 22, 23, 24, 25, 26, 27, 28, 29, 30, 31, 32], ""2"": [0, 1, 2, 3, 4, 5, 6, 7, 8, 9, 10, 11, 12, 13, 14, 15, 16, 17, 18, 19, 20, 21, 22, 23, 24, 25, 26, 27, 28, 29, 30, 31, 32], ""3"": [0, 1, 2, 3, 4, 5, 6, 7, 8, 9, 10, 11, 12, 13, 14, 15, 16, 17, 18, 19, 20, 21, 22, 23, 24, 25, 26, 27, 28, 29, 30, 31, 32], ""4"": [0, 1, 2, 3, 4, 5, 6, 7, 8, 9, 10, 11, 12, 13, 14, 15, 16, 17, 18, 19, 20, 21, 22, 23, 24, 25, 26, 27, 28, 29, 30, 31, 32], ""5"": [0, 1, 2, 3, 4, 5, 6, 7, 8, 9, 10, 11, 12, 13, 14, 15, 16, 17, 18, 19, 20, 21, 22, 23, 24, 25, 26, 27, 28, 29, 30, 31, 32], ""6"": [0, 1, 2, 3, 4, 5, 6, 7, 8, 9, 10, 11, 12, 13, 14, 15, 16, 17, 18, 19, 20, 21, 22, 23, 24, 25, 26, 27, 28, 29, 30, 31, 32], ""7"": [0, 1, 2, 3, 4, 5, 6, 7, 8, 9, 10, 11, 12, 13, 14, 15, 16, 17, 18, 19, 20, 21, 22, 23, 24, 25, 26, 27, 28, 29, 30, 31, 32]}",{},"frame = min(count-1, floor(count*progress/duration)); duration from atomic length",Animals/tribe_35_butterflies/Sheets/cr_ani_body_01__butterfly01/j49_A009_absolute_s263.png,,"[36, 28]","[16, 33]","[0, 1, 2, 3, 4, 5, 6, 7]",RENDERED,COMPATIBLE,"[""SHADOW_BOB_ABSENT_IN_LIBRARY""]",PIXEL_CONFIRMED,Animals/tribe_35_butterflies/adult_job49/metadata.json,Animals/tribe_35_butterflies/adult_job49/index.html
35,Butterflies,animal,49,49,adult_animal,Animal,adult,"[49, 48]",1116,49,False,walk,,,,[],0,,,100000,0,,,initial,0,Data\Engine2D\Bin\Bobs\CR_Ani_Body_01.bmd,Data\Engine2D\Bin\Bobs\CR_Ani_Body_01_s.bmd,,,[],butterfly01,,declared base palette (ordinal 0 of RNG list),[],"{""0"": [0, 1, 2, 3, 4, 5, 6, 7, 8, 9, 10, 11, 12, 13, 14, 15, 16, 17, 18, 19, 20, 21, 22, 23, 24, 25, 26, 27, 28, 29, 30, 31, 32], ""1"": [0, 1, 2, 3, 4, 5, 6, 7, 8, 9, 10, 11, 12, 13, 14, 15, 16, 17, 18, 19, 20, 21, 22, 23, 24, 25, 26, 27, 28, 29, 30, 31, 32], ""2"": [0, 1, 2, 3, 4, 5, 6, 7, 8, 9, 10, 11, 12, 13, 14, 15, 16, 17, 18, 19, 20, 21, 22, 23, 24, 25, 26, 27, 28, 29, 30, 31, 32], ""3"": [0, 1, 2, 3, 4, 5, 6, 7, 8, 9, 10, 11, 12, 13, 14, 15, 16, 17, 18, 19, 20, 21, 22, 23, 24, 25, 26, 27, 28, 29, 30, 31, 32], ""4"": [0, 1, 2, 3, 4, 5, 6, 7, 8, 9, 10, 11, 12, 13, 14, 15, 16, 17, 18, 19, 20, 21, 22, 23, 24, 25, 26, 27, 28, 29, 30, 31, 32], ""5"": [0, 1, 2, 3, 4, 5, 6, 7, 8, 9, 10, 11, 12, 13, 14, 15, 16, 17, 18, 19, 20, 21, 22, 23, 24, 25, 26, 27, 28, 29, 30, 31, 32], ""6"": [0, 1, 2, 3, 4, 5, 6, 7, 8, 9, 10, 11, 12, 13, 14, 15, 16, 17, 18, 19, 20, 21, 22, 23, 24, 25, 26, 27, 28, 29, 30, 31, 32], ""7"": [0, 1, 2, 3, 4, 5, 6, 7, 8, 9, 10, 11, 12, 13, 14, 15, 16, 17, 18, 19, 20, 21, 22, 23, 24, 25, 26, 27, 28, 29, 30, 31, 32]}",{},frame = frameTick % count (walk; caller frame tick),Animals/tribe_35_butterflies/Sheets/cr_ani_body_01__butterfly01/j49_W000_absolute_s1116.png,,"[36, 28]","[16, 33]","[0, 1, 2, 3, 4, 5, 6, 7]",RENDERED,COMPATIBLE,"[""SHADOW_BOB_ABSENT_IN_LIBRARY""]",PIXEL_CONFIRMED,Animals/tribe_35_butterflies/adult_job49/metadata.json,Animals/tribe_35_butterflies/adult_job49/index.html
36,Mosquitoes,animal,48,48,baby_animal,Young Animal,young,[48],339,48,False,atomic,5,animal_mosquito_baby_idle,100,[],,,0,,0,animal_bull_wait,animal_bull_wait,initial,0,Data\Engine2D\Bin\Bobs\CR_Ani_Body_00.bmd,Data\Engine2D\Bin\Bobs\CR_Ani_Body_00_s.bmd,,,[],house01,,declared base palette (ordinal 0 of RNG list),[],"{""0"": [411, 412, 413, 414, 415, 416, 417, 418, 419, 420, 421, 422, 423, 424, 425, 426, 427, 428, 429, 430, 431, 432, 433, 434, 435, 436, 437, 438], ""1"": [243, 244, 245, 246, 247, 248, 249, 250, 251, 252, 253, 254, 255, 256, 257, 258, 259, 260, 261, 262, 263, 264, 265, 266, 267, 268, 269, 270], ""2"": [299, 300, 301, 302, 303, 304, 305, 306, 307, 308, 309, 310, 311, 312, 313, 314, 315, 316, 317, 318, 319, 320, 321, 322, 323, 324, 325, 326], ""3"": [439, 440, 441, 442, 443, 444, 445, 446, 447, 448, 449, 450, 451, 452, 453, 454, 455, 456, 457, 458, 459, 460, 461, 462, 463, 464, 465, 466], ""4"": [327, 328, 329, 330, 331, 332, 333, 334, 335, 336, 337, 338, 339, 340, 341, 342, 343, 344, 345, 346, 347, 348, 349, 350, 351, 352, 353, 354], ""5"": [383, 384, 385, 386, 387, 388, 389, 390, 391, 392, 393, 394, 395, 396, 397, 398, 399, 400, 401, 402, 403, 404, 405, 406, 407, 408, 409, 410], ""6"": [355, 356, 357, 358, 359, 360, 361, 362, 363, 364, 365, 366, 367, 368, 369, 370, 371, 372, 373, 374, 375, 376, 377, 378, 379, 380, 381, 382], ""7"": [271, 272, 273, 274, 275, 276, 277, 278, 279, 280, 281, 282, 283, 284, 285, 286, 287, 288, 289, 290, 291, 292, 293, 294, 295, 296, 297, 298]}",{},"frame = min(count-1, floor(count*progress/duration)); duration from atomic length",Animals/tribe_36_mosquitos/Sheets/cr_ani_body_00__house01/j48_A005_animal_bull_wait_s339.png,Animals/tribe_36_mosquitos/Sheets/cr_ani_body_00__house01/j48_A005_animal_bull_wait_s339__shadow_mask.png,"[91, 115]","[52, 67]","[0, 1, 2, 3, 4, 5, 6, 7]",RENDERED,COMPATIBLE,[],PIXEL_CONFIRMED,Animals/tribe_36_mosquitos/young_job48/metadata.json,Animals/tribe_36_mosquitos/young_job48/index.html
36,Mosquitoes,animal,48,48,baby_animal,Young Animal,young,[48],1133,48,False,walk,,,,[],0,,,100000,0,animal_bull_walk,animal_bull_walk,initial,0,Data\Engine2D\Bin\Bobs\CR_Ani_Body_00.bmd,Data\Engine2D\Bin\Bobs\CR_Ani_Body_00_s.bmd,,,[],house01,,declared base palette (ordinal 0 of RNG list),[],"{""0"": [405, 406, 407, 408, 409, 410, 411, 412, 413, 414, 415, 416, 417, 418, 419, 420, 421, 422, 423, 424], ""1"": [285, 286, 287, 288, 289, 290, 291, 292, 293, 294, 295, 296, 297, 298, 299, 300, 301, 302, 303, 304], ""2"": [325, 326, 327, 328, 329, 330, 331, 332, 333, 334, 335, 336, 337, 338, 339, 340, 341, 342, 343, 344], ""3"": [425, 426, 427, 428, 429, 430, 431, 432, 433, 434, 435, 436, 437, 438, 439, 440, 441, 442, 443, 444], ""4"": [345, 346, 347, 348, 349, 350, 351, 352, 353, 354, 355, 356, 357, 358, 359, 360, 361, 362, 363, 364], ""5"": [385, 386, 387, 388, 389, 390, 391, 392, 393, 394, 395, 396, 397, 398, 399, 400, 401, 402, 403, 404], ""6"": [365, 366, 367, 368, 369, 370, 371, 372, 373, 374, 375, 376, 377, 378, 379, 380, 381, 382, 383, 384], ""7"": [305, 306, 307, 308, 309, 310, 311, 312, 313, 314, 315, 316, 317, 318, 319, 320, 321, 322, 323, 324]}",{},frame = frameTick % count (walk; caller frame tick),Animals/tribe_36_mosquitos/Sheets/cr_ani_body_00__house01/j48_W000_animal_bull_walk_s1133.png,Animals/tribe_36_mosquitos/Sheets/cr_ani_body_00__house01/j48_W000_animal_bull_walk_s1133__shadow_mask.png,"[91, 103]","[52, 55]","[0, 1, 2, 3, 4, 5, 6, 7]",RENDERED,COMPATIBLE,[],PIXEL_CONFIRMED,Animals/tribe_36_mosquitos/young_job48/metadata.json,Animals/tribe_36_mosquitos/young_job48/index.html
36,Mosquitoes,animal,49,49,adult_animal,Animal,adult,"[49, 48]",338,49,False,atomic,5,animal_mosquito_adult_idle,100,[],,,0,,0,animal_bull_wait,animal_bull_wait,initial,0,Data\Engine2D\Bin\Bobs\CR_Ani_Body_00.bmd,Data\Engine2D\Bin\Bobs\CR_Ani_Body_00_s.bmd,,,[],house01,,declared base palette (ordinal 0 of RNG list),[],"{""0"": [411, 412, 413, 414, 415, 416, 417, 418, 419, 420, 421, 422, 423, 424, 425, 426, 427, 428, 429, 430, 431, 432, 433, 434, 435, 436, 437, 438], ""1"": [243, 244, 245, 246, 247, 248, 249, 250, 251, 252, 253, 254, 255, 256, 257, 258, 259, 260, 261, 262, 263, 264, 265, 266, 267, 268, 269, 270], ""2"": [299, 300, 301, 302, 303, 304, 305, 306, 307, 308, 309, 310, 311, 312, 313, 314, 315, 316, 317, 318, 319, 320, 321, 322, 323, 324, 325, 326], ""3"": [439, 440, 441, 442, 443, 444, 445, 446, 447, 448, 449, 450, 451, 452, 453, 454, 455, 456, 457, 458, 459, 460, 461, 462, 463, 464, 465, 466], ""4"": [327, 328, 329, 330, 331, 332, 333, 334, 335, 336, 337, 338, 339, 340, 341, 342, 343, 344, 345, 346, 347, 348, 349, 350, 351, 352, 353, 354], ""5"": [383, 384, 385, 386, 387, 388, 389, 390, 391, 392, 393, 394, 395, 396, 397, 398, 399, 400, 401, 402, 403, 404, 405, 406, 407, 408, 409, 410], ""6"": [355, 356, 357, 358, 359, 360, 361, 362, 363, 364, 365, 366, 367, 368, 369, 370, 371, 372, 373, 374, 375, 376, 377, 378, 379, 380, 381, 382], ""7"": [271, 272, 273, 274, 275, 276, 277, 278, 279, 280, 281, 282, 283, 284, 285, 286, 287, 288, 289, 290, 291, 292, 293, 294, 295, 296, 297, 298]}",{},"frame = min(count-1, floor(count*progress/duration)); duration from atomic length",Animals/tribe_36_mosquitos/Sheets/cr_ani_body_00__house01/j49_A005_animal_bull_wait_s338.png,Animals/tribe_36_mosquitos/Sheets/cr_ani_body_00__house01/j49_A005_animal_bull_wait_s338__shadow_mask.png,"[91, 115]","[52, 67]","[0, 1, 2, 3, 4, 5, 6, 7]",RENDERED,COMPATIBLE,[],PIXEL_CONFIRMED,Animals/tribe_36_mosquitos/adult_job49/metadata.json,Animals/tribe_36_mosquitos/adult_job49/index.html
36,Mosquitoes,animal,49,49,adult_animal,Animal,adult,"[49, 48]",1132,49,False,walk,,,,[],0,,,100000,0,animal_bull_walk,animal_bull_walk,initial,0,Data\Engine2D\Bin\Bobs\CR_Ani_Body_00.bmd,Data\Engine2D\Bin\Bobs\CR_Ani_Body_00_s.bmd,,,[],house01,,declared base palette (ordinal 0 of RNG list),[],"{""0"": [405, 406, 407, 408, 409, 410, 411, 412, 413, 414, 415, 416, 417, 418, 419, 420, 421, 422, 423, 424], ""1"": [285, 286, 287, 288, 289, 290, 291, 292, 293, 294, 295, 296, 297, 298, 299, 300, 301, 302, 303, 304], ""2"": [325, 326, 327, 328, 329, 330, 331, 332, 333, 334, 335, 336, 337, 338, 339, 340, 341, 342, 343, 344], ""3"": [425, 426, 427, 428, 429, 430, 431, 432, 433, 434, 435, 436, 437, 438, 439, 440, 441, 442, 443, 444], ""4"": [345, 346, 347, 348, 349, 350, 351, 352, 353, 354, 355, 356, 357, 358, 359, 360, 361, 362, 363, 364], ""5"": [385, 386, 387, 388, 389, 390, 391, 392, 393, 394, 395, 396, 397, 398, 399, 400, 401, 402, 403, 404], ""6"": [365, 366, 367, 368, 369, 370, 371, 372, 373, 374, 375, 376, 377, 378, 379, 380, 381, 382, 383, 384], ""7"": [305, 306, 307, 308, 309, 310, 311, 312, 313, 314, 315, 316, 317, 318, 319, 320, 321, 322, 323, 324]}",{},frame = frameTick % count (walk; caller frame tick),Animals/tribe_36_mosquitos/Sheets/cr_ani_body_00__house01/j49_W000_animal_bull_walk_s1132.png,Animals/tribe_36_mosquitos/Sheets/cr_ani_body_00__house01/j49_W000_animal_bull_walk_s1132__shadow_mask.png,"[91, 103]","[52, 55]","[0, 1, 2, 3, 4, 5, 6, 7]",RENDERED,COMPATIBLE,[],PIXEL_CONFIRMED,Animals/tribe_36_mosquitos/adult_job49/metadata.json,Animals/tribe_36_mosquitos/adult_job49/index.html
